<?xml version="1.0" encoding="utf-8"?>
<COLLADA xmlns="http://www.collada.org/2005/11/COLLADASchema" version="1.4.1">
  <asset>
    <contributor>
      <author>IT</author>
      <authoring_tool>OpenCOLLADA for 3ds Max;  ;  </authoring_tool>
    </contributor>
    <created>2015-11-12T14:32:06</created>
    <modified>2015-11-12T14:32:06</modified>
    <unit name="inch" meter="0.0254"/>
    <up_axis>Z_UP</up_axis>
  </asset>
  <library_lights>
    <light id="EnvironmentAmbientLight" name="EnvironmentAmbientLight">
      <technique_common>
        <ambient>
          <color>0.4 0.4 0.4</color>
        </ambient>
      </technique_common>
    </light>
  </library_lights>
  <library_visual_scenes>
    <visual_scene id="MaxScene">
      <node name="EnvironmentAmbientLight">
        <instance_light url="#EnvironmentAmbientLight"/>
      </node>
      <node id="node-Hips" name="Hips">
        <matrix sid="matrix">0.3097893 0.1811062 -0.9334165 2.071778 -0.9507021 0.0744518 -0.3010832 29.10752 0.01496619 0.9806587 0.1952399 32.31823 0 0 0 1</matrix>
        <node id="node-Spine" name="Spine">
          <matrix sid="matrix">0.03830712 -0.9991726 0.01365524 3.8147e-6 0.9957881 0.03703112 -0.08387232 4.045464 0.08329725 0.01681068 0.996383 2.38419e-6 0 0 0 1</matrix>
          <node id="node-Spine1" name="Spine1">
            <matrix sid="matrix">0.9809005 0.0971312 -0.1685221 4.706146 -0.1030406 0.9943196 -0.02666186 5.72205e-6 0.1649751 0.04351728 0.9853373 -4.76837e-7 0 0 0 1</matrix>
            <node id="node-Spine2" name="Spine2">
              <matrix sid="matrix">0.9849624 0.09714164 -0.1428726 4.606171 -0.1023672 0.9943038 -0.02967358 -3.8147e-6 0.1391762 0.04385281 0.9892963 -9.53674e-7 0 0 0 1</matrix>
              <node id="node-Spine3" name="Spine3">
                <matrix sid="matrix">0.994783 0.095927 -0.03472143 4.736614 -0.0973992 0.9942927 -0.04353179 3.8147e-6 0.03034741 0.04668651 0.9984487 0 0 0 0 1</matrix>
                <node id="node-Neck" name="Neck">
                  <matrix sid="matrix">0.9817936 0.01710016 -0.1891787 5.192249 -0.04207551 0.9907768 -0.1288046 7.62939e-6 0.1852313 0.1344193 0.9734584 3.8147e-6 0 0 0 1</matrix>
                  <node id="node-Neck1" name="Neck1">
                    <matrix sid="matrix">0.9978617 0.06535974 4.30971e-4 1.587692 -0.06484443 0.9907768 -0.1189782 0 -0.008203357 0.1186957 0.9928969 -7.62939e-6 0 0 0 1</matrix>
                    <node id="node-Head" name="Head">
                      <matrix sid="matrix">0.8428669 0.06054738 0.5347058 2.400826 0.246087 0.8402895 -0.4830654 -1.90735e-6 -0.4785557 0.5387414 0.6933563 0 0 0 0 1</matrix>
                      <node id="node-Head_Nub" name="Head_Nub">
                        <matrix>1.61696e-5 -0.02608829 0.999659 7.263329 -0.9999998 -8.5427e-7 1.6151e-5 -9.53674e-7 4.09549e-7 -0.9996594 -0.02608829 -7.62939e-6 0 0 0 1</matrix>
                        <extra>
                          <technique profile="OpenCOLLADA">
                            <cast_shadows type="bool">1</cast_shadows>
                            <primary_visibility type="integer">1</primary_visibility>
                            <receive_shadows type="bool">1</receive_shadows>
                            <secondary_visibility type="integer">1</secondary_visibility>
                          </technique>
                        </extra>
                      </node>
                      <node id="node-LeftEye" name="LeftEye">
                        <matrix>-6.38887e-7 -7.59959e-7 0.9999994 2.980576 -0.9999995 -2.75322e-8 -6.42613e-7 -1.220007 4.07454e-10 -0.9999999 -7.59959e-7 2.714773 0 0 0 1</matrix>
                        <extra>
                          <technique profile="OpenCOLLADA">
                            <cast_shadows type="bool">1</cast_shadows>
                            <primary_visibility type="integer">1</primary_visibility>
                            <receive_shadows type="bool">1</receive_shadows>
                            <secondary_visibility type="integer">1</secondary_visibility>
                          </technique>
                        </extra>
                      </node>
                      <node id="node-RightEye" name="RightEye">
                        <matrix>-6.38887e-7 -7.59959e-7 0.9999994 2.981033 -0.9999995 -2.75322e-8 -6.42613e-7 1.220176 4.07454e-10 -0.9999999 -7.59959e-7 2.714941 0 0 0 1</matrix>
                        <extra>
                          <technique profile="OpenCOLLADA">
                            <cast_shadows type="bool">1</cast_shadows>
                            <primary_visibility type="integer">1</primary_visibility>
                            <receive_shadows type="bool">1</receive_shadows>
                            <secondary_visibility type="integer">1</secondary_visibility>
                          </technique>
                        </extra>
                      </node>
                      <extra>
                        <technique profile="OpenCOLLADA">
                          <cast_shadows type="bool">1</cast_shadows>
                          <primary_visibility type="integer">1</primary_visibility>
                          <receive_shadows type="bool">1</receive_shadows>
                          <secondary_visibility type="integer">1</secondary_visibility>
                        </technique>
                      </extra>
                    </node>
                    <extra>
                      <technique profile="OpenCOLLADA">
                        <cast_shadows type="bool">1</cast_shadows>
                        <primary_visibility type="integer">1</primary_visibility>
                        <receive_shadows type="bool">1</receive_shadows>
                        <secondary_visibility type="integer">1</secondary_visibility>
                      </technique>
                    </extra>
                  </node>
                  <extra>
                    <technique profile="OpenCOLLADA">
                      <cast_shadows type="bool">1</cast_shadows>
                      <primary_visibility type="integer">1</primary_visibility>
                      <receive_shadows type="bool">1</receive_shadows>
                      <secondary_visibility type="integer">1</secondary_visibility>
                    </technique>
                  </extra>
                </node>
                <node id="node-LeftShoulder" name="LeftShoulder">
                  <matrix sid="matrix">-0.08913846 0.9768778 -0.1943296 3.306183 -0.9797547 -0.1211125 -0.1594114 -0.7400169 -0.179261 0.1761856 0.9678971 0.1848183 0 0 0 1</matrix>
                  <node id="node-LeftShoulderRoll" name="LeftShoulderRoll">
                    <matrix>1 -5.90086e-6 9.38773e-6 5.478487 5.84126e-6 0.9999998 2.98023e-8 1.14441e-5 -9.46224e-6 -2.98023e-8 0.9999999 3.8147e-6 0 0 0 1</matrix>
                    <node id="node-LeftArm" name="LeftArm">
                      <matrix sid="matrix">0.7711371 0.5508544 -0.3192257 1.337999 -0.3877466 0.8040295 0.4507655 0 0.5049716 -0.2238238 0.8336103 -7.62939e-6 0 0 0 1</matrix>
                      <node id="node-LeftForeArm" name="LeftForeArm">
                        <matrix sid="matrix">0.5537948 -0.03591353 -0.8318803 10.97946 -0.2300433 0.9535835 -0.1943139 -9.53674e-6 0.8002391 0.2989783 0.5198327 -9.53674e-7 0 0 0 1</matrix>
                        <node id="node-LeftForeArmRoll" name="LeftForeArmRoll">
                          <matrix sid="matrix">0.9999998 -9.03904e-5 1.91569e-4 4.802479 1.17242e-4 0.9893972 -0.1452309 9.53674e-6 -1.76549e-4 0.1452308 0.9893983 -5.72205e-6 0 0 0 1</matrix>
                          <extra>
                            <technique profile="OpenCOLLADA">
                              <cast_shadows type="bool">1</cast_shadows>
                              <primary_visibility type="integer">1</primary_visibility>
                              <receive_shadows type="bool">1</receive_shadows>
                              <secondary_visibility type="integer">1</secondary_visibility>
                            </technique>
                          </extra>
                        </node>
                        <node id="node-LeftHand" name="LeftHand">
                          <matrix sid="matrix">0.9351336 -0.2529086 -0.248106 9.713964 0.2149441 0.9616909 -0.1701541 0.004071236 0.2816329 0.1057884 0.9536737 0.007575989 0 0 0 1</matrix>
                          <node id="node-LeftHandThumb1" name="LeftHandThumb1">
                            <matrix sid="matrix">0.7361851 -0.4898595 -0.466978 1.79076 -0.3512296 0.3132675 -0.8823272 -1.011696 0.5785038 0.8135746 0.0585697 1.20454 0 0 0 1</matrix>
                            <node id="node-LeftHandThumb2" name="LeftHandThumb2">
                              <matrix sid="matrix">0.8663248 0.4827561 -0.1281775 1.580387 -0.4953563 0.8633149 -0.09648067 -1.52588e-5 0.06408104 0.1470768 0.987047 -2.86102e-6 0 0 0 1</matrix>
                              <node id="node-LeftHandThumb3" name="LeftHandThumb3">
                                <matrix sid="matrix">0.634807 0.7701483 0.06239024 1.470041 -0.7708045 0.6368151 -0.01806828 0 -0.05364615 -0.03662095 0.9978878 1.90735e-6 0 0 0 1</matrix>
                                <node id="node-LeftHandThumb_Nub" name="LeftHandThumb_Nub">
                                  <matrix sid="matrix">0.8517423 -0.4993322 -0.1587554 1.954533 0.5053895 0.8628864 -0.002566269 -1.23978e-5 0.1382697 -0.07804717 0.9873153 3.8147e-6 0 0 0 1</matrix>
                                  <extra>
                                    <technique profile="OpenCOLLADA">
                                      <cast_shadows type="bool">1</cast_shadows>
                                      <primary_visibility type="integer">1</primary_visibility>
                                      <receive_shadows type="bool">1</receive_shadows>
                                      <secondary_visibility type="integer">1</secondary_visibility>
                                    </technique>
                                  </extra>
                                </node>
                                <extra>
                                  <technique profile="OpenCOLLADA">
                                    <cast_shadows type="bool">1</cast_shadows>
                                    <primary_visibility type="integer">1</primary_visibility>
                                    <receive_shadows type="bool">1</receive_shadows>
                                    <secondary_visibility type="integer">1</secondary_visibility>
                                  </technique>
                                </extra>
                              </node>
                              <extra>
                                <technique profile="OpenCOLLADA">
                                  <cast_shadows type="bool">1</cast_shadows>
                                  <primary_visibility type="integer">1</primary_visibility>
                                  <receive_shadows type="bool">1</receive_shadows>
                                  <secondary_visibility type="integer">1</secondary_visibility>
                                </technique>
                              </extra>
                            </node>
                            <extra>
                              <technique profile="OpenCOLLADA">
                                <cast_shadows type="bool">1</cast_shadows>
                                <primary_visibility type="integer">1</primary_visibility>
                                <receive_shadows type="bool">1</receive_shadows>
                                <secondary_visibility type="integer">1</secondary_visibility>
                              </technique>
                            </extra>
                          </node>
                          <node id="node-LeftHandIndex1" name="LeftHandIndex1">
                            <matrix sid="matrix">0.5811491 0.8119363 0.05502301 4.710185 -0.7828042 0.5762236 -0.23491 0.2064686 -0.2224363 0.09344596 0.9704584 1.454521 0 0 0 1</matrix>
                            <node id="node-LeftHandIndex2" name="LeftHandIndex2">
                              <matrix sid="matrix">0.4456343 0.8917283 -0.07899335 1.364048 -0.8883711 0.4513971 0.08383375 1.33514e-5 0.1104126 0.0328168 0.9933436 -3.8147e-6 0 0 0 1</matrix>
                              <node id="node-LeftHandIndex3" name="LeftHandIndex3">
                                <matrix sid="matrix">0.5176058 0.8526106 -0.07172327 1.076813 -0.8501049 0.521965 0.06978941 -1.33514e-5 0.09693942 0.02484918 0.9949799 0 0 0 0 1</matrix>
                                <node id="node-LeftHandIndex_Nub" name="LeftHandIndex_Nub">
                                  <matrix sid="matrix">0.945651 -0.3187079 -0.06458713 1.570731 0.325187 0.9266483 0.188614 3.8147e-6 -2.63136e-4 -0.1993656 0.9799248 0 0 0 0 1</matrix>
                                  <extra>
                                    <technique profile="OpenCOLLADA">
                                      <cast_shadows type="bool">1</cast_shadows>
                                      <primary_visibility type="integer">1</primary_visibility>
                                      <receive_shadows type="bool">1</receive_shadows>
                                      <secondary_visibility type="integer">1</secondary_visibility>
                                    </technique>
                                  </extra>
                                </node>
                                <extra>
                                  <technique profile="OpenCOLLADA">
                                    <cast_shadows type="bool">1</cast_shadows>
                                    <primary_visibility type="integer">1</primary_visibility>
                                    <receive_shadows type="bool">1</receive_shadows>
                                    <secondary_visibility type="integer">1</secondary_visibility>
                                  </technique>
                                </extra>
                              </node>
                              <extra>
                                <technique profile="OpenCOLLADA">
                                  <cast_shadows type="bool">1</cast_shadows>
                                  <primary_visibility type="integer">1</primary_visibility>
                                  <receive_shadows type="bool">1</receive_shadows>
                                  <secondary_visibility type="integer">1</secondary_visibility>
                                </technique>
                              </extra>
                            </node>
                            <extra>
                              <technique profile="OpenCOLLADA">
                                <cast_shadows type="bool">1</cast_shadows>
                                <primary_visibility type="integer">1</primary_visibility>
                                <receive_shadows type="bool">1</receive_shadows>
                                <secondary_visibility type="integer">1</secondary_visibility>
                              </technique>
                            </extra>
                          </node>
                          <node id="node-LeftHandMiddle1" name="LeftHandMiddle1">
                            <matrix sid="matrix">0.4932316 0.8448682 0.2071828 4.610955 -0.8481421 0.5199914 -0.1012947 0.3618622 -0.1933124 -0.1257598 0.9730437 0.2569847 0 0 0 1</matrix>
                            <node id="node-LeftHandMiddle2" name="LeftHandMiddle2">
                              <matrix sid="matrix">0.2467019 0.9653543 -0.08510908 1.755219 -0.9690475 0.2449903 -0.03020906 1.43051e-6 -0.008311495 0.08992884 0.9959137 3.8147e-6 0 0 0 1</matrix>
                              <node id="node-LeftHandMiddle3" name="LeftHandMiddle3">
                                <matrix sid="matrix">0.4307746 0.9006457 0.05723381 1.1181 -0.9007321 0.433007 -0.03436416 -5.72205e-6 -0.0557321 -0.0367493 0.9977692 3.8147e-6 0 0 0 1</matrix>
                                <node id="node-LeftHandMiddle_Nub" name="LeftHandMiddle_Nub">
                                  <matrix sid="matrix">0.9819613 -0.1784574 -0.06250726 1.462633 0.1783489 0.9839386 -0.007363498 -1.71661e-5 0.0628176 -0.003917456 0.998017 0 0 0 0 1</matrix>
                                  <extra>
                                    <technique profile="OpenCOLLADA">
                                      <cast_shadows type="bool">1</cast_shadows>
                                      <primary_visibility type="integer">1</primary_visibility>
                                      <receive_shadows type="bool">1</receive_shadows>
                                      <secondary_visibility type="integer">1</secondary_visibility>
                                    </technique>
                                  </extra>
                                </node>
                                <extra>
                                  <technique profile="OpenCOLLADA">
                                    <cast_shadows type="bool">1</cast_shadows>
                                    <primary_visibility type="integer">1</primary_visibility>
                                    <receive_shadows type="bool">1</receive_shadows>
                                    <secondary_visibility type="integer">1</secondary_visibility>
                                  </technique>
                                </extra>
                              </node>
                              <extra>
                                <technique profile="OpenCOLLADA">
                                  <cast_shadows type="bool">1</cast_shadows>
                                  <primary_visibility type="integer">1</primary_visibility>
                                  <receive_shadows type="bool">1</receive_shadows>
                                  <secondary_visibility type="integer">1</secondary_visibility>
                                </technique>
                              </extra>
                            </node>
                            <extra>
                              <technique profile="OpenCOLLADA">
                                <cast_shadows type="bool">1</cast_shadows>
                                <primary_visibility type="integer">1</primary_visibility>
                                <receive_shadows type="bool">1</receive_shadows>
                                <secondary_visibility type="integer">1</secondary_visibility>
                              </technique>
                            </extra>
                          </node>
                          <node id="node-LeftHandRing1" name="LeftHandRing1">
                            <matrix sid="matrix">0.4634045 0.8393927 0.284045 4.446056 -0.8771717 0.4800076 0.01259661 0.2817669 -0.1257691 -0.2549962 0.9587274 -0.9610004 0 0 0 1</matrix>
                            <node id="node-LeftHandRing2" name="LeftHandRing2">
                              <matrix sid="matrix">0.3831937 0.9225627 0.04529783 1.450617 -0.9160549 0.3858679 -0.1092608 6.91414e-6 -0.118277 3.72708e-4 0.9929806 1.90735e-6 0 0 0 1</matrix>
                              <node id="node-LeftHandRing3" name="LeftHandRing3">
                                <matrix sid="matrix">0.4961081 0.8656582 0.0669685 0.9941425 -0.8644398 0.4996763 -0.0550909 -1.33514e-5 -0.08115362 -0.03056002 0.9962146 1.14441e-5 0 0 0 1</matrix>
                                <node id="node-LeftHandRing_Nub" name="LeftHandRing_Nub">
                                  <matrix>0.9952149 -6.81579e-5 0.09784296 1.324497 -9.05991e-5 1.000017 0.001618117 1.14441e-5 -0.09784237 -0.00161919 0.9952189 -7.62939e-6 0 0 0 1</matrix>
                                  <extra>
                                    <technique profile="OpenCOLLADA">
                                      <cast_shadows type="bool">1</cast_shadows>
                                      <primary_visibility type="integer">1</primary_visibility>
                                      <receive_shadows type="bool">1</receive_shadows>
                                      <secondary_visibility type="integer">1</secondary_visibility>
                                    </technique>
                                  </extra>
                                </node>
                                <extra>
                                  <technique profile="OpenCOLLADA">
                                    <cast_shadows type="bool">1</cast_shadows>
                                    <primary_visibility type="integer">1</primary_visibility>
                                    <receive_shadows type="bool">1</receive_shadows>
                                    <secondary_visibility type="integer">1</secondary_visibility>
                                  </technique>
                                </extra>
                              </node>
                              <extra>
                                <technique profile="OpenCOLLADA">
                                  <cast_shadows type="bool">1</cast_shadows>
                                  <primary_visibility type="integer">1</primary_visibility>
                                  <receive_shadows type="bool">1</receive_shadows>
                                  <secondary_visibility type="integer">1</secondary_visibility>
                                </technique>
                              </extra>
                            </node>
                            <extra>
                              <technique profile="OpenCOLLADA">
                                <cast_shadows type="bool">1</cast_shadows>
                                <primary_visibility type="integer">1</primary_visibility>
                                <receive_shadows type="bool">1</receive_shadows>
                                <secondary_visibility type="integer">1</secondary_visibility>
                              </technique>
                            </extra>
                          </node>
                          <node id="node-LeftHandPinky1" name="LeftHandPinky1">
                            <matrix sid="matrix">0.6316063 0.7353796 0.2455445 3.586499 -0.7723677 0.6242945 0.1170658 0.1616344 -0.06720391 -0.2635922 0.9622897 -1.955032 0 0 0 1</matrix>
                            <node id="node-LeftHandPinky2" name="LeftHandPinky2">
                              <matrix sid="matrix">0.4341003 0.8814427 0.1860772 1.135429 -0.8920705 0.4493799 -0.04751837 7.62939e-6 -0.125502 -0.1453684 0.9813857 1.90735e-6 0 0 0 1</matrix>
                              <node id="node-LeftHandPinky3" name="LeftHandPinky3">
                                <matrix sid="matrix">0.2498641 0.959621 0.1291136 1.082561 -0.9623653 0.2608197 -0.07609013 9.53674e-6 -0.1066944 -0.1052449 0.988688 3.8147e-6 0 0 0 1</matrix>
                                <node id="node-LeftHandPinky_Nub" name="LeftHandPinky_Nub">
                                  <matrix>0.9800813 -0.003193468 0.1986377 1.037746 0.003134519 1.000013 6.11395e-4 7.62939e-6 -0.1986377 2.35438e-5 0.980091 0 0 0 0 1</matrix>
                                  <extra>
                                    <technique profile="OpenCOLLADA">
                                      <cast_shadows type="bool">1</cast_shadows>
                                      <primary_visibility type="integer">1</primary_visibility>
                                      <receive_shadows type="bool">1</receive_shadows>
                                      <secondary_visibility type="integer">1</secondary_visibility>
                                    </technique>
                                  </extra>
                                </node>
                                <extra>
                                  <technique profile="OpenCOLLADA">
                                    <cast_shadows type="bool">1</cast_shadows>
                                    <primary_visibility type="integer">1</primary_visibility>
                                    <receive_shadows type="bool">1</receive_shadows>
                                    <secondary_visibility type="integer">1</secondary_visibility>
                                  </technique>
                                </extra>
                              </node>
                              <extra>
                                <technique profile="OpenCOLLADA">
                                  <cast_shadows type="bool">1</cast_shadows>
                                  <primary_visibility type="integer">1</primary_visibility>
                                  <receive_shadows type="bool">1</receive_shadows>
                                  <secondary_visibility type="integer">1</secondary_visibility>
                                </technique>
                              </extra>
                            </node>
                            <extra>
                              <technique profile="OpenCOLLADA">
                                <cast_shadows type="bool">1</cast_shadows>
                                <primary_visibility type="integer">1</primary_visibility>
                                <receive_shadows type="bool">1</receive_shadows>
                                <secondary_visibility type="integer">1</secondary_visibility>
                              </technique>
                            </extra>
                          </node>
                          <extra>
                            <technique profile="OpenCOLLADA">
                              <cast_shadows type="bool">1</cast_shadows>
                              <primary_visibility type="integer">1</primary_visibility>
                              <receive_shadows type="bool">1</receive_shadows>
                              <secondary_visibility type="integer">1</secondary_visibility>
                            </technique>
                          </extra>
                        </node>
                        <extra>
                          <technique profile="OpenCOLLADA">
                            <cast_shadows type="bool">1</cast_shadows>
                            <primary_visibility type="integer">1</primary_visibility>
                            <receive_shadows type="bool">1</receive_shadows>
                            <secondary_visibility type="integer">1</secondary_visibility>
                          </technique>
                        </extra>
                      </node>
                      <node id="node-LeftArmRoll" name="LeftArmRoll">
                        <matrix sid="matrix">1 -8.9407e-8 -1.86265e-8 1.242123 0 0.983398 -0.1814625 5.72205e-6 7.45058e-9 0.1814624 0.9833979 0 0 0 0 1</matrix>
                        <extra>
                          <technique profile="OpenCOLLADA">
                            <cast_shadows type="bool">1</cast_shadows>
                            <primary_visibility type="integer">1</primary_visibility>
                            <receive_shadows type="bool">1</receive_shadows>
                            <secondary_visibility type="integer">1</secondary_visibility>
                          </technique>
                        </extra>
                      </node>
                      <extra>
                        <technique profile="OpenCOLLADA">
                          <cast_shadows type="bool">1</cast_shadows>
                          <primary_visibility type="integer">1</primary_visibility>
                          <receive_shadows type="bool">1</receive_shadows>
                          <secondary_visibility type="integer">1</secondary_visibility>
                        </technique>
                      </extra>
                    </node>
                    <extra>
                      <technique profile="OpenCOLLADA">
                        <cast_shadows type="bool">1</cast_shadows>
                        <primary_visibility type="integer">1</primary_visibility>
                        <receive_shadows type="bool">1</receive_shadows>
                        <secondary_visibility type="integer">1</secondary_visibility>
                      </technique>
                    </extra>
                  </node>
                  <extra>
                    <technique profile="OpenCOLLADA">
                      <cast_shadows type="bool">1</cast_shadows>
                      <primary_visibility type="integer">1</primary_visibility>
                      <receive_shadows type="bool">1</receive_shadows>
                      <secondary_visibility type="integer">1</secondary_visibility>
                    </technique>
                  </extra>
                </node>
                <node id="node-RightShoulder" name="RightShoulder">
                  <matrix sid="matrix">-0.301118 -0.9457303 -0.1220136 3.306171 0.9535484 -0.2995453 -0.03146538 0.7401199 -0.00679095 -0.1258225 0.9920112 0.1847515 0 0 0 1</matrix>
                  <node id="node-RightShoulderRoll" name="RightShoulderRoll">
                    <matrix>1 7.24103e-6 9.17772e-6 5.478569 -7.26618e-6 1 -1.78814e-7 -3.8147e-6 -9.17818e-6 1.78814e-7 1 1.52588e-5 0 0 0 1</matrix>
                    <node id="node-RightArm" name="RightArm">
                      <matrix sid="matrix">0.05964052 -0.7007632 -0.7108964 1.338017 0.06973201 0.7133492 -0.6973308 -7.62939e-6 0.9957815 -0.007983074 0.09141007 -9.53674e-6 0 0 0 1</matrix>
                      <node id="node-RightForeArm" name="RightForeArm">
                        <matrix sid="matrix">0.2761665 -0.06604841 -0.9588376 10.97962 0.2912748 0.9564698 0.01800832 1.14441e-5 0.9159096 -0.2842587 0.2833833 7.62939e-6 0 0 0 1</matrix>
                        <node id="node-RightHand" name="RightHand">
                          <matrix sid="matrix">0.9550291 -0.002536103 -0.2965005 9.714103 -0.01433882 0.9983987 -0.05472505 -0.004066467 0.2961645 0.05651551 0.9534635 0.007600784 0 0 0 1</matrix>
                          <node id="node-RightHandMiddle1" name="RightHandMiddle1">
                            <matrix sid="matrix">0.4932336 -0.8448657 0.2071778 4.611015 0.8481439 0.5199894 0.1013033 -0.3618622 -0.1933177 0.1257505 0.9730443 0.2569828 0 0 0 1</matrix>
                            <node id="node-RightHandMiddle2" name="RightHandMiddle2">
                              <matrix sid="matrix">0.2467059 -0.9653454 -0.08511634 1.755238 0.9690545 0.2449898 0.03021714 -1.52588e-5 -0.008317322 -0.08993727 0.9959126 7.62939e-6 0 0 0 1</matrix>
                              <node id="node-RightHandMiddle3" name="RightHandMiddle3">
                                <matrix sid="matrix">0.4307746 -0.9006432 0.05722815 1.118118 0.9007369 0.4330032 0.03437276 7.62939e-6 -0.05573759 0.03674063 0.9977692 -5.72205e-6 0 0 0 1</matrix>
                                <node id="node-RightHandMiddle_Nub" name="RightHandMiddle_Nub">
                                  <matrix sid="matrix">0.9819597 0.1784597 -0.06250782 1.462652 -0.1783509 0.9839394 0.007362247 1.52588e-5 0.06281779 0.003918856 0.9980175 0 0 0 0 1</matrix>
                                  <extra>
                                    <technique profile="OpenCOLLADA">
                                      <cast_shadows type="bool">1</cast_shadows>
                                      <primary_visibility type="integer">1</primary_visibility>
                                      <receive_shadows type="bool">1</receive_shadows>
                                      <secondary_visibility type="integer">1</secondary_visibility>
                                    </technique>
                                  </extra>
                                </node>
                                <extra>
                                  <technique profile="OpenCOLLADA">
                                    <cast_shadows type="bool">1</cast_shadows>
                                    <primary_visibility type="integer">1</primary_visibility>
                                    <receive_shadows type="bool">1</receive_shadows>
                                    <secondary_visibility type="integer">1</secondary_visibility>
                                  </technique>
                                </extra>
                              </node>
                              <extra>
                                <technique profile="OpenCOLLADA">
                                  <cast_shadows type="bool">1</cast_shadows>
                                  <primary_visibility type="integer">1</primary_visibility>
                                  <receive_shadows type="bool">1</receive_shadows>
                                  <secondary_visibility type="integer">1</secondary_visibility>
                                </technique>
                              </extra>
                            </node>
                            <extra>
                              <technique profile="OpenCOLLADA">
                                <cast_shadows type="bool">1</cast_shadows>
                                <primary_visibility type="integer">1</primary_visibility>
                                <receive_shadows type="bool">1</receive_shadows>
                                <secondary_visibility type="integer">1</secondary_visibility>
                              </technique>
                            </extra>
                          </node>
                          <node id="node-RightHandRing1" name="RightHandRing1">
                            <matrix sid="matrix">0.4634065 -0.8393897 0.2840411 4.446102 0.877174 0.4800073 -0.0125877 -0.2817612 -0.1257757 0.2549868 0.9587295 -0.9610252 0 0 0 1</matrix>
                            <node id="node-RightHandRing2" name="RightHandRing2">
                              <matrix sid="matrix">0.3831955 -0.9225562 0.04529265 1.450626 0.9160618 0.385863 0.1092698 1.90735e-6 -0.1182842 -3.80799e-4 0.9929798 1.14441e-5 0 0 0 1</matrix>
                              <node id="node-RightHandRing3" name="RightHandRing3">
                                <matrix sid="matrix">0.4961185 -0.8656683 0.0669654 0.9941483 0.8644532 0.4996844 0.05510046 1.33514e-5 -0.08116026 0.03055209 0.9962328 -7.62939e-6 0 0 0 1</matrix>
                                <node id="node-RightHandRing_Nub" name="RightHandRing_Nub">
                                  <matrix>0.9952024 6.8143e-5 0.09784201 1.324508 9.05693e-5 0.999999 -0.001617253 7.62939e-6 -0.09784201 0.001618236 0.9952006 -3.8147e-6 0 0 0 1</matrix>
                                  <extra>
                                    <technique profile="OpenCOLLADA">
                                      <cast_shadows type="bool">1</cast_shadows>
                                      <primary_visibility type="integer">1</primary_visibility>
                                      <receive_shadows type="bool">1</receive_shadows>
                                      <secondary_visibility type="integer">1</secondary_visibility>
                                    </technique>
                                  </extra>
                                </node>
                                <extra>
                                  <technique profile="OpenCOLLADA">
                                    <cast_shadows type="bool">1</cast_shadows>
                                    <primary_visibility type="integer">1</primary_visibility>
                                    <receive_shadows type="bool">1</receive_shadows>
                                    <secondary_visibility type="integer">1</secondary_visibility>
                                  </technique>
                                </extra>
                              </node>
                              <extra>
                                <technique profile="OpenCOLLADA">
                                  <cast_shadows type="bool">1</cast_shadows>
                                  <primary_visibility type="integer">1</primary_visibility>
                                  <receive_shadows type="bool">1</receive_shadows>
                                  <secondary_visibility type="integer">1</secondary_visibility>
                                </technique>
                              </extra>
                            </node>
                            <extra>
                              <technique profile="OpenCOLLADA">
                                <cast_shadows type="bool">1</cast_shadows>
                                <primary_visibility type="integer">1</primary_visibility>
                                <receive_shadows type="bool">1</receive_shadows>
                                <secondary_visibility type="integer">1</secondary_visibility>
                              </technique>
                            </extra>
                          </node>
                          <node id="node-RightHandPinky1" name="RightHandPinky1">
                            <matrix sid="matrix">0.6316082 -0.7353772 0.245543 3.58654 0.7723687 0.6242943 -0.1170594 -0.1616325 -0.06720814 0.2635856 0.962292 -1.955074 0 0 0 1</matrix>
                            <node id="node-RightHandPinky2" name="RightHandPinky2">
                              <matrix sid="matrix">0.4341035 -0.8814368 0.1860727 1.135437 0.8920761 0.4493774 0.04752815 1.33514e-5 -0.1255097 0.1453591 0.9813857 1.33514e-5 0 0 0 1</matrix>
                              <node id="node-RightHandPinky3" name="RightHandPinky3">
                                <matrix sid="matrix">0.2498693 -0.9596341 0.1291099 1.082592 0.9623823 0.260824 0.07610047 -1.14441e-5 -0.1067035 0.1052379 0.9887061 -1.90735e-6 0 0 0 1</matrix>
                                <node id="node-RightHandPinky_Nub" name="RightHandPinky_Nub">
                                  <matrix>0.9800672 0.003190756 0.1986372 1.03775 -0.003131717 0.9999945 -6.11365e-4 -7.62939e-6 -0.1986381 -2.28584e-5 0.9800726 -9.53674e-6 0 0 0 1</matrix>
                                  <extra>
                                    <technique profile="OpenCOLLADA">
                                      <cast_shadows type="bool">1</cast_shadows>
                                      <primary_visibility type="integer">1</primary_visibility>
                                      <receive_shadows type="bool">1</receive_shadows>
                                      <secondary_visibility type="integer">1</secondary_visibility>
                                    </technique>
                                  </extra>
                                </node>
                                <extra>
                                  <technique profile="OpenCOLLADA">
                                    <cast_shadows type="bool">1</cast_shadows>
                                    <primary_visibility type="integer">1</primary_visibility>
                                    <receive_shadows type="bool">1</receive_shadows>
                                    <secondary_visibility type="integer">1</secondary_visibility>
                                  </technique>
                                </extra>
                              </node>
                              <extra>
                                <technique profile="OpenCOLLADA">
                                  <cast_shadows type="bool">1</cast_shadows>
                                  <primary_visibility type="integer">1</primary_visibility>
                                  <receive_shadows type="bool">1</receive_shadows>
                                  <secondary_visibility type="integer">1</secondary_visibility>
                                </technique>
                              </extra>
                            </node>
                            <extra>
                              <technique profile="OpenCOLLADA">
