<?xml version="1.0" encoding="utf-8"?>
<COLLADA xmlns="http://www.collada.org/2005/11/COLLADASchema" version="1.4.1">
  <asset>
    <contributor>
      <author>IT</author>
      <authoring_tool>OpenCOLLADA for 3ds Max;  ;  </authoring_tool>
    </contributor>
    <created>2015-11-12T14:31:06</created>
    <modified>2015-11-12T14:31:06</modified>
    <unit name="inch" meter="0.0254"/>
    <up_axis>Z_UP</up_axis>
  </asset>
  <library_lights>
    <light id="EnvironmentAmbientLight" name="EnvironmentAmbientLight">
      <technique_common>
        <ambient>
          <color>0.4 0.4 0.4</color>
        </ambient>
      </technique_common>
    </light>
  </library_lights>
  <library_visual_scenes>
    <visual_scene id="MaxScene">
      <node name="EnvironmentAmbientLight">
        <instance_light url="#EnvironmentAmbientLight"/>
      </node>
      <node id="node-Hips" name="Hips">
        <matrix sid="matrix">0.9818544 0.05573801 -0.1813377 0.9754856 -0.1896721 0.3074763 -0.9324797 -1.637731 0.003782416 0.9499398 0.3124648 37.19192 0 0 0 1</matrix>
        <node id="node-Spine" name="Spine">
          <matrix sid="matrix">-0.04002663 -0.9991984 -6.41306e-4 1.07288e-6 0.9987554 -0.03998977 -0.02980414 4.045467 0.02975464 -0.001833444 0.9995557 -9.53674e-7 0 0 0 1</matrix>
          <node id="node-Spine1" name="Spine1">
            <matrix sid="matrix">0.9971597 -0.04613596 -0.05953252 4.706158 0.04574587 0.9989218 -0.007899377 7.15256e-7 0.0598328 0.005153552 0.9981951 9.53674e-7 0 0 0 1</matrix>
            <node id="node-Spine2" name="Spine2">
              <matrix sid="matrix">0.9983736 -0.04609953 -0.03354155 4.606152 0.04589578 0.9989229 -0.006819565 0 0.03381979 0.005269051 0.9994141 -9.53674e-7 0 0 0 1</matrix>
              <node id="node-Spine3" name="Spine3">
                <matrix sid="matrix">0.9964489 -0.04628401 0.07034193 4.73661 0.04646373 0.9989194 -9.20195e-4 0 -0.07022333 0.004185285 0.9975226 -1.90735e-6 0 0 0 1</matrix>
                <node id="node-Neck" name="Neck">
                  <matrix sid="matrix">0.9337689 0.0449027 -0.3550482 5.192272 -0.0559625 0.9982133 -0.02093686 0 0.3534735 0.03941958 0.9346137 -3.8147e-6 0 0 0 1</matrix>
                  <node id="node-Neck1" name="Neck1">
                    <matrix sid="matrix">0.9896056 0.1319302 0.05722721 1.587692 -0.1307837 0.9911358 -0.02335409 -4.76837e-7 -0.05980105 0.01562697 0.9980879 0 0 0 0 1</matrix>
                    <node id="node-Head" name="Head">
                      <matrix sid="matrix">0.9643441 0.01883239 0.2639809 2.400826 -0.003418093 0.9982681 -0.05872987 -2.38419e-7 -0.2646297 0.05573351 0.9627383 -1.43051e-6 0 0 0 1</matrix>
                      <node id="node-Head_Nub" name="Head_Nub">
                        <matrix>1.61678e-5 -0.02608828 0.9996594 7.263344 -0.9999998 -8.97795e-7 1.61473e-5 -2.38419e-7 4.75906e-7 -0.9996592 -0.0260883 1.90735e-6 0 0 0 1</matrix>
                        <extra>
                          <technique profile="OpenCOLLADA">
                            <cast_shadows type="bool">1</cast_shadows>
                            <primary_visibility type="integer">1</primary_visibility>
                            <receive_shadows type="bool">1</receive_shadows>
                            <secondary_visibility type="integer">1</secondary_visibility>
                          </technique>
                        </extra>
                      </node>
                      <node id="node-LeftEye" name="LeftEye">
                        <matrix>-6.42613e-7 -7.59959e-7 0.9999996 2.980576 -0.9999996 -5.68107e-8 -6.42613e-7 -1.220006 5.68107e-8 -0.9999999 -7.45058e-7 2.71478 0 0 0 1</matrix>
                        <extra>
                          <technique profile="OpenCOLLADA">
                            <cast_shadows type="bool">1</cast_shadows>
                            <primary_visibility type="integer">1</primary_visibility>
                            <receive_shadows type="bool">1</receive_shadows>
                            <secondary_visibility type="integer">1</secondary_visibility>
                          </technique>
                        </extra>
                      </node>
                      <node id="node-RightEye" name="RightEye">
                        <matrix>-6.42613e-7 -7.59959e-7 0.9999996 2.981026 -0.9999996 -5.68107e-8 -6.42613e-7 1.220175 5.68107e-8 -0.9999999 -7.45058e-7 2.714946 0 0 0 1</matrix>
                        <extra>
                          <technique profile="OpenCOLLADA">
                            <cast_shadows type="bool">1</cast_shadows>
                            <primary_visibility type="integer">1</primary_visibility>
                            <receive_shadows type="bool">1</receive_shadows>
                            <secondary_visibility type="integer">1</secondary_visibility>
                          </technique>
                        </extra>
                      </node>
                      <extra>
                        <technique profile="OpenCOLLADA">
                          <cast_shadows type="bool">1</cast_shadows>
                          <primary_visibility type="integer">1</primary_visibility>
                          <receive_shadows type="bool">1</receive_shadows>
                          <secondary_visibility type="integer">1</secondary_visibility>
                        </technique>
                      </extra>
                    </node>
                    <extra>
                      <technique profile="OpenCOLLADA">
                        <cast_shadows type="bool">1</cast_shadows>
                        <primary_visibility type="integer">1</primary_visibility>
                        <receive_shadows type="bool">1</receive_shadows>
                        <secondary_visibility type="integer">1</secondary_visibility>
                      </technique>
                    </extra>
                  </node>
                  <extra>
                    <technique profile="OpenCOLLADA">
                      <cast_shadows type="bool">1</cast_shadows>
                      <primary_visibility type="integer">1</primary_visibility>
                      <receive_shadows type="bool">1</receive_shadows>
                      <secondary_visibility type="integer">1</secondary_visibility>
                    </technique>
                  </extra>
                </node>
                <node id="node-LeftShoulder" name="LeftShoulder">
                  <matrix sid="matrix">-0.0297547 0.9871498 -0.157002 3.30619 -0.9948837 -0.04441968 -0.0907407 -0.7400255 -0.09654865 0.1534986 0.9834212 0.1848135 0 0 0 1</matrix>
                  <node id="node-LeftShoulderRoll" name="LeftShoulderRoll">
                    <matrix>0.9999998 -5.89341e-6 9.39425e-6 5.478486 5.88596e-6 0.9999997 7.45058e-9 3.8147e-6 -9.39611e-6 0 0.9999997 3.09944e-6 0 0 0 1</matrix>
                    <node id="node-LeftArm" name="LeftArm">
                      <matrix sid="matrix">0.9485493 0.2938876 0.1178264 1.337997 -0.3135356 0.8199519 0.4789296 3.8147e-6 0.04413952 -0.4912313 0.8699102 -4.52995e-6 0 0 0 1</matrix>
                      <node id="node-LeftForeArm" name="LeftForeArm">
                        <matrix sid="matrix">0.1940242 0.005580097 -0.9809844 10.97945 0.1651392 0.985527 0.03826858 0 0.9669932 -0.169424 0.1902962 0 0 0 0 1</matrix>
                        <node id="node-LeftForeArmRoll" name="LeftForeArmRoll">
                          <matrix sid="matrix">0.9999996 3.38137e-4 -3.18259e-4 4.802479 -3.34471e-4 0.9999324 0.01160324 0 3.22148e-4 -0.01160313 0.9999328 0 0 0 0 1</matrix>
                          <extra>
                            <technique profile="OpenCOLLADA">
                              <cast_shadows type="bool">1</cast_shadows>
                              <primary_visibility type="integer">1</primary_visibility>
                              <receive_shadows type="bool">1</receive_shadows>
                              <secondary_visibility type="integer">1</secondary_visibility>
                            </technique>
                          </extra>
                        </node>
                        <node id="node-LeftHand" name="LeftHand">
                          <matrix sid="matrix">0.773124 -0.5998988 -0.2059087 9.713966 0.6105953 0.7918141 -0.01426898 0.004066467 0.1716004 -0.1146957 0.978468 0.007583618 0 0 0 1</matrix>
                          <node id="node-LeftHandThumb1" name="LeftHandThumb1">
                            <matrix sid="matrix">0.8244423 -0.562709 -0.06044008 1.790764 -0.007548399 0.09585254 -0.9953659 -1.011699 0.5658937 0.8210813 0.07477719 1.204539 0 0 0 1</matrix>
                            <node id="node-LeftHandThumb2" name="LeftHandThumb2">
                              <matrix sid="matrix">0.9985712 0.01653975 -0.05079638 1.580387 -0.02244642 0.9927595 -0.1180078 -1.52588e-5 0.04847667 0.1189796 0.9917128 -6.67572e-6 0 0 0 1</matrix>
                              <node id="node-LeftHandThumb3" name="LeftHandThumb3">
                                <matrix sid="matrix">0.9999124 -0.005847096 0.01178831 1.470043 0.006382525 0.9989264 -0.04589785 0 -0.01150725 0.04596912 0.9988768 0 0 0 0 1</matrix>
                                <node id="node-LeftHandThumb_Nub" name="LeftHandThumb_Nub">
                                  <matrix sid="matrix">0.9777123 -0.19543 -0.07671253 1.95454 0.1977356 0.9799711 0.02363762 -1.52588e-5 0.07055651 -0.03827968 0.9967726 8.10623e-6 0 0 0 1</matrix>
                                  <extra>
                                    <technique profile="OpenCOLLADA">
                                      <cast_shadows type="bool">1</cast_shadows>
                                      <primary_visibility type="integer">1</primary_visibility>
                                      <receive_shadows type="bool">1</receive_shadows>
                                      <secondary_visibility type="integer">1</secondary_visibility>
                                    </technique>
                                  </extra>
                                </node>
                                <extra>
                                  <technique profile="OpenCOLLADA">
                                    <cast_shadows type="bool">1</cast_shadows>
                                    <primary_visibility type="integer">1</primary_visibility>
                                    <receive_shadows type="bool">1</receive_shadows>
                                    <secondary_visibility type="integer">1</secondary_visibility>
                                  </technique>
                                </extra>
                              </node>
                              <extra>
                                <technique profile="OpenCOLLADA">
                                  <cast_shadows type="bool">1</cast_shadows>
                                  <primary_visibility type="integer">1</primary_visibility>
                                  <receive_shadows type="bool">1</receive_shadows>
                                  <secondary_visibility type="integer">1</secondary_visibility>
                                </technique>
                              </extra>
                            </node>
                            <extra>
                              <technique profile="OpenCOLLADA">
                                <cast_shadows type="bool">1</cast_shadows>
                                <primary_visibility type="integer">1</primary_visibility>
                                <receive_shadows type="bool">1</receive_shadows>
                                <secondary_visibility type="integer">1</secondary_visibility>
                              </technique>
                            </extra>
                          </node>
                          <node id="node-LeftHandIndex1" name="LeftHandIndex1">
                            <matrix sid="matrix">0.9631334 0.1986408 -0.181426 4.710182 -0.23886 0.9416913 -0.2369885 0.2064624 0.1237716 0.271587 0.9544224 1.454515 0 0 0 1</matrix>
                            <node id="node-LeftHandIndex2" name="LeftHandIndex2">
                              <matrix sid="matrix">0.9675949 0.2510277 -0.02727475 1.364067 -0.2487838 0.9662344 0.06706977 1.71661e-5 0.04319013 -0.0581109 0.9973755 -5.72205e-6 0 0 0 1</matrix>
                              <node id="node-LeftHandIndex3" name="LeftHandIndex3">
                                <matrix sid="matrix">0.9674736 0.2517992 -0.02427173 1.076809 -0.2501305 0.9665449 0.05681891 -3.8147e-6 0.03776655 -0.04889983 0.9980897 0 0 0 0 1</matrix>
                                <node id="node-LeftHandIndex_Nub" name="LeftHandIndex_Nub">
                                  <matrix sid="matrix">0.9978682 -0.04250079 -0.04953207 1.570724 0.05108181 0.980959 0.1873777 3.8147e-6 0.04062524 -0.1895085 0.9810379 1.90735e-6 0 0 0 1</matrix>
                                  <extra>
                                    <technique profile="OpenCOLLADA">
                                      <cast_shadows type="bool">1</cast_shadows>
                                      <primary_visibility type="integer">1</primary_visibility>
                                      <receive_shadows type="bool">1</receive_shadows>
                                      <secondary_visibility type="integer">1</secondary_visibility>
                                    </technique>
                                  </extra>
                                </node>
                                <extra>
                                  <technique profile="OpenCOLLADA">
                                    <cast_shadows type="bool">1</cast_shadows>
                                    <primary_visibility type="integer">1</primary_visibility>
                                    <receive_shadows type="bool">1</receive_shadows>
                                    <secondary_visibility type="integer">1</secondary_visibility>
                                  </technique>
                                </extra>
                              </node>
                              <extra>
                                <technique profile="OpenCOLLADA">
                                  <cast_shadows type="bool">1</cast_shadows>
                                  <primary_visibility type="integer">1</primary_visibility>
                                  <receive_shadows type="bool">1</receive_shadows>
                                  <secondary_visibility type="integer">1</secondary_visibility>
                                </technique>
                              </extra>
                            </node>
                            <extra>
                              <technique profile="OpenCOLLADA">
                                <cast_shadows type="bool">1</cast_shadows>
                                <primary_visibility type="integer">1</primary_visibility>
                                <receive_shadows type="bool">1</receive_shadows>
                                <secondary_visibility type="integer">1</secondary_visibility>
                              </technique>
                            </extra>
                          </node>
                          <node id="node-LeftHandMiddle1" name="LeftHandMiddle1">
                            <matrix sid="matrix">0.9503109 0.2998261 0.08374855 4.610954 -0.2979123 0.9539596 -0.03477887 0.3618584 -0.09032042 0.008101054 0.9958796 0.2569828 0 0 0 1</matrix>
                            <node id="node-LeftHandMiddle2" name="LeftHandMiddle2">
                              <matrix sid="matrix">0.959891 0.2790427 -0.02724683 1.755211 -0.2786874 0.9602478 0.01612147 0 0.03066221 -0.007881522 0.9994989 -7.62939e-6 0 0 0 1</matrix>
                              <node id="node-LeftHandMiddle3" name="LeftHandMiddle3">
                                <matrix sid="matrix">0.9560078 0.2930464 0.01300874 1.118099 -0.2932333 0.955905 0.01623467 -1.14441e-5 -0.00767757 -0.01933512 0.9997834 -7.62939e-6 0 0 0 1</matrix>
                                <node id="node-LeftHandMiddle_Nub" name="LeftHandMiddle_Nub">
                                  <matrix sid="matrix">0.9984326 1.47283e-4 -0.05596795 1.462631 -1.63078e-4 0.9999999 -2.75612e-4 -1.52588e-5 0.0559679 2.84374e-4 0.9984325 -3.8147e-6 0 0 0 1</matrix>
                                  <extra>
                                    <technique profile="OpenCOLLADA">
                                      <cast_shadows type="bool">1</cast_shadows>
                                      <primary_visibility type="integer">1</primary_visibility>
                                      <receive_shadows type="bool">1</receive_shadows>
                                      <secondary_visibility type="integer">1</secondary_visibility>
                                    </technique>
                                  </extra>
                                </node>
                                <extra>
                                  <technique profile="OpenCOLLADA">
                                    <cast_shadows type="bool">1</cast_shadows>
                                    <primary_visibility type="integer">1</primary_visibility>
                                    <receive_shadows type="bool">1</receive_shadows>
                                    <secondary_visibility type="integer">1</secondary_visibility>
                                  </technique>
                                </extra>
                              </node>
                              <extra>
                                <technique profile="OpenCOLLADA">
                                  <cast_shadows type="bool">1</cast_shadows>
                                  <primary_visibility type="integer">1</primary_visibility>
                                  <receive_shadows type="bool">1</receive_shadows>
                                  <secondary_visibility type="integer">1</secondary_visibility>
                                </technique>
                              </extra>
                            </node>
                            <extra>
                              <technique profile="OpenCOLLADA">
                                <cast_shadows type="bool">1</cast_shadows>
                                <primary_visibility type="integer">1</primary_visibility>
                                <receive_shadows type="bool">1</receive_shadows>
                                <secondary_visibility type="integer">1</secondary_visibility>
                              </technique>
                            </extra>
                          </node>
                          <node id="node-LeftHandRing1" name="LeftHandRing1">
                            <matrix sid="matrix">0.9600738 0.231734 0.1567119 4.446045 -0.2633284 0.9377086 0.2266294 0.2817645 -0.09443246 -0.2588477 0.9612907 -0.9610014 0 0 0 1</matrix>
                            <node id="node-LeftHandRing2" name="LeftHandRing2">
                              <matrix sid="matrix">0.9550097 0.2964168 -0.009568781 1.450623 -0.2965033 0.953612 -0.05207675 1.14441e-5 -0.006311506 0.05257112 0.9985973 3.8147e-6 0 0 0 1</matrix>
                              <node id="node-LeftHandRing3" name="LeftHandRing3">
                                <matrix sid="matrix">0.9753723 0.2204517 0.004613489 0.9941292 -0.2203291 0.975224 -0.019006 -1.52588e-5 -0.008689299 0.01752174 0.9997903 7.62939e-6 0 0 0 1</matrix>
                                <node id="node-LeftHandRing_Nub" name="LeftHandRing_Nub">
                                  <matrix>0.995215 -6.81281e-5 0.09784289 1.324505 -9.06587e-5 1.000017 0.001618087 7.62939e-6 -0.09784247 -0.00161922 0.9952187 -1.52588e-5 0 0 0 1</matrix>
                                  <extra>
                                    <technique profile="OpenCOLLADA">
                                      <cast_shadows type="bool">1</cast_shadows>
                                      <primary_visibility type="integer">1</primary_visibility>
                                      <receive_shadows type="bool">1</receive_shadows>
                                      <secondary_visibility type="integer">1</secondary_visibility>
                                    </technique>
                                  </extra>
                                </node>
                                <extra>
                                  <technique profile="OpenCOLLADA">
                                    <cast_shadows type="bool">1</cast_shadows>
                                    <primary_visibility type="integer">1</primary_visibility>
                                    <receive_shadows type="bool">1</receive_shadows>
                                    <secondary_visibility type="integer">1</secondary_visibility>
                                  </technique>
                                </extra>
                              </node>
                              <extra>
                                <technique profile="OpenCOLLADA">
                                  <cast_shadows type="bool">1</cast_shadows>
                                  <primary_visibility type="integer">1</primary_visibility>
                                  <receive_shadows type="bool">1</receive_shadows>
                                  <secondary_visibility type="integer">1</secondary_visibility>
                                </technique>
                              </extra>
                            </node>
                            <extra>
                              <technique profile="OpenCOLLADA">
                                <cast_shadows type="bool">1</cast_shadows>
                                <primary_visibility type="integer">1</primary_visibility>
                                <receive_shadows type="bool">1</receive_shadows>
                                <secondary_visibility type="integer">1</secondary_visibility>
                              </technique>
                            </extra>
                          </node>
                          <node id="node-LeftHandPinky1" name="LeftHandPinky1">
                            <matrix sid="matrix">0.9604787 0.1390007 0.2411651 3.58651 -0.2595822 0.7600703 0.5957427 0.1616364 -0.1004939 -0.6348001 0.766113 -1.955035 0 0 0 1</matrix>
                            <node id="node-LeftHandPinky2" name="LeftHandPinky2">
                              <matrix sid="matrix">0.9798251 0.195164 0.04303762 1.135406 -0.192966 0.9799102 -0.05041388 7.62939e-6 -0.05201194 0.04109203 0.9978006 -7.62939e-6 0 0 0 1</matrix>
                              <node id="node-LeftHandPinky3" name="LeftHandPinky3">
                                <matrix sid="matrix">0.9811275 0.1873647 -0.04748651 1.082565 -0.1907944 0.9781238 -0.08269645 1.52588e-5 0.03095391 0.09019729 0.9954246 9.53674e-6 0 0 0 1</matrix>
                                <node id="node-LeftHandPinky_Nub" name="LeftHandPinky_Nub">
                                  <matrix>0.9800815 -0.003193468 0.1986378 1.037758 0.003134429 1.000013 6.11305e-4 3.8147e-6 -0.1986378 2.35289e-5 0.9800911 0 0 0 0 1</matrix>
                                  <extra>
                                    <technique profile="OpenCOLLADA">
                                      <cast_shadows type="bool">1</cast_shadows>
                                      <primary_visibility type="integer">1</primary_visibility>
                                      <receive_shadows type="bool">1</receive_shadows>
                                      <secondary_visibility type="integer">1</secondary_visibility>
                                    </technique>
                                  </extra>
                                </node>
                                <extra>
                                  <technique profile="OpenCOLLADA">
                                    <cast_shadows type="bool">1</cast_shadows>
                                    <primary_visibility type="integer">1</primary_visibility>
                                    <receive_shadows type="bool">1</receive_shadows>
                                    <secondary_visibility type="integer">1</secondary_visibility>
                                  </technique>
                                </extra>
                              </node>
                              <extra>
                                <technique profile="OpenCOLLADA">
                                  <cast_shadows type="bool">1</cast_shadows>
                                  <primary_visibility type="integer">1</primary_visibility>
                                  <receive_shadows type="bool">1</receive_shadows>
                                  <secondary_visibility type="integer">1</secondary_visibility>
                                </technique>
                              </extra>
                            </node>
                            <extra>
                              <technique profile="OpenCOLLADA">
                                <cast_shadows type="bool">1</cast_shadows>
                                <primary_visibility type="integer">1</primary_visibility>
                                <receive_shadows type="bool">1</receive_shadows>
                                <secondary_visibility type="integer">1</secondary_visibility>
                              </technique>
                            </extra>
                          </node>
                          <extra>
                            <technique profile="OpenCOLLADA">
                              <cast_shadows type="bool">1</cast_shadows>
                              <primary_visibility type="integer">1</primary_visibility>
                              <receive_shadows type="bool">1</receive_shadows>
                              <secondary_visibility type="integer">1</secondary_visibility>
                            </technique>
                          </extra>
                        </node>
                        <extra>
                          <technique profile="OpenCOLLADA">
                            <cast_shadows type="bool">1</cast_shadows>
                            <primary_visibility type="integer">1</primary_visibility>
                            <receive_shadows type="bool">1</receive_shadows>
                            <secondary_visibility type="integer">1</secondary_visibility>
                          </technique>
                        </extra>
                      </node>
                      <node id="node-LeftArmRoll" name="LeftArmRoll">
                        <matrix sid="matrix">1 -1.49012e-8 -1.49012e-8 1.242118 1.49012e-8 0.9874184 0.1581284 7.62939e-6 -7.45058e-9 -0.1581283 0.9874186 -3.8147e-6 0 0 0 1</matrix>
                        <extra>
                          <technique profile="OpenCOLLADA">
                            <cast_shadows type="bool">1</cast_shadows>
                            <primary_visibility type="integer">1</primary_visibility>
                            <receive_shadows type="bool">1</receive_shadows>
                            <secondary_visibility type="integer">1</secondary_visibility>
                          </technique>
                        </extra>
                      </node>
                      <extra>
                        <technique profile="OpenCOLLADA">
                          <cast_shadows type="bool">1</cast_shadows>
                          <primary_visibility type="integer">1</primary_visibility>
                          <receive_shadows type="bool">1</receive_shadows>
                          <secondary_visibility type="integer">1</secondary_visibility>
                        </technique>
                      </extra>
                    </node>
                    <extra>
                      <technique profile="OpenCOLLADA">
                        <cast_shadows type="bool">1</cast_shadows>
                        <primary_visibility type="integer">1</primary_visibility>
                        <receive_shadows type="bool">1</receive_shadows>
                        <secondary_visibility type="integer">1</secondary_visibility>
                      </technique>
                    </extra>
                  </node>
                  <extra>
                    <technique profile="OpenCOLLADA">
                      <cast_shadows type="bool">1</cast_shadows>
                      <primary_visibility type="integer">1</primary_visibility>
                      <receive_shadows type="bool">1</receive_shadows>
                      <secondary_visibility type="integer">1</secondary_visibility>
                    </technique>
                  </extra>
                </node>
                <node id="node-RightShoulder" name="RightShoulder">
                  <matrix sid="matrix">0.04453796 -0.9883268 -0.1455755 3.306175 0.9910461 0.0253673 0.1309814 0.7401142 -0.1257623 -0.1501078 0.9806201 0.1847486 0 0 0 1</matrix>
                  <node id="node-RightShoulderRoll" name="RightShoulderRoll">
                    <matrix>1 7.27177e-6 9.15863e-6 5.478569 -7.22706e-6 1 -9.68575e-8 0 -9.16608e-6 8.9407e-8 0.9999999 1.12057e-5 0 0 0 1</matrix>
                    <node id="node-RightArm" name="RightArm">
                      <matrix sid="matrix">0.7518941 -0.6116956 0.2459342 1.338017 0.6569723 0.6639651 -0.3571239 1.14441e-5 0.05515934 0.4300913 0.9010988 -1.04904e-5 0 0 0 1</matrix>
                      <node id="node-RightForeArm" name="RightForeArm">
                        <matrix sid="matrix">-0.1088234 0.0702157 -0.9915782 10.97962 -0.1889139 0.9778628 0.08997738 2.28882e-5 0.9759449 0.1971146 -0.09314969 -1.90735e-6 0 0 0 1</matrix>
                        <node id="node-RightHand" name="RightHand">
                          <matrix sid="matrix">0.7949984 0.5964062 0.1108027 9.714111 -0.6056103 0.7908232 0.08851671 -0.004066467 -0.03483349 -0.137474 0.9898927 0.007600784 0 0 0 1</matrix>
                          <node id="node-RightHandMiddle1" name="RightHandMiddle1">
                            <matrix sid="matrix">0.9503855 -0.2996333 0.08359233 4.611004 0.2976942 0.954017 0.03506481 -0.3618622 -0.09025508 -0.008440167 0.9958831 0.2569866 0 0 0 1</matrix>
                            <node id="node-RightHandMiddle2" name="RightHandMiddle2">
                              <matrix sid="matrix">0.9599367 -0.2788195 -0.02795064 1.755226 0.2784514 0.9603109 -0.01637056 -5.72205e-6 0.03140587 0.007931739 0.9994752 5.72205e-6 0 0 0 1</matrix>
                              <node id="node-RightHandMiddle3" name="RightHandMiddle3">
                                <matrix sid="matrix">0.9560989 -0.2927653 0.01279041 1.118118 0.2929495 0.9559895 -0.01627049 3.8147e-6 -0.007464081 0.01930314 0.9997858 -9.53674e-6 0 0 0 1</matrix>
                                <node id="node-RightHandMiddle_Nub" name="RightHandMiddle_Nub">
                                  <matrix sid="matrix">0.9984353 -2.06545e-4 -0.05591908 1.462662 2.32756e-4 0.9999998 4.63068e-4 1.52588e-5 0.05591899 -4.75317e-4 0.9984353 -1.90735e-6 0 0 0 1</matrix>
                                  <extra>
                                    <technique profile="OpenCOLLADA">
                                      <cast_shadows type="bool">1</cast_shadows>
                                      <primary_visibility type="integer">1</primary_visibility>
                                      <receive_shadows type="bool">1</receive_shadows>
                                      <secondary_visibility type="integer">1</secondary_visibility>
                                    </technique>
                                  </extra>
                                </node>
                                <extra>
                                  <technique profile="OpenCOLLADA">
                                    <cast_shadows type="bool">1</cast_shadows>
                                    <primary_visibility type="integer">1</primary_visibility>
                                    <receive_shadows type="bool">1</receive_shadows>
                                    <secondary_visibility type="integer">1</secondary_visibility>
                                  </technique>
                                </extra>
                              </node>
                              <extra>
                                <technique profile="OpenCOLLADA">
                                  <cast_shadows type="bool">1</cast_shadows>
                                  <primary_visibility type="integer">1</primary_visibility>
                                  <receive_shadows type="bool">1</receive_shadows>
                                  <secondary_visibility type="integer">1</secondary_visibility>
                                </technique>
                              </extra>
                            </node>
                            <extra>
                              <technique profile="OpenCOLLADA">
                                <cast_shadows type="bool">1</cast_shadows>
                                <primary_visibility type="integer">1</primary_visibility>
                                <receive_shadows type="bool">1</receive_shadows>
                                <secondary_visibility type="integer">1</secondary_visibility>
                              </technique>
                            </extra>
                          </node>
                          <node id="node-RightHandRing1" name="RightHandRing1">
                            <matrix sid="matrix">0.9601406 -0.2314783 0.1566783 4.446098 0.2630925 0.9377187 -0.2268605 -0.281765 -0.09440693 0.2590388 0.9612422 -0.9610195 0 0 0 1</matrix>
                            <node id="node-RightHandRing2" name="RightHandRing2">
                              <matrix sid="matrix">0.9550833 -0.2961879 -0.009421468 1.450642 0.2962722 0.9537196 0.05139699 -1.90735e-6 -0.006237715 -0.05187972 0.9986339 1.71661e-5 0 0 0 1</matrix>
                              <node id="node-RightHandRing3" name="RightHandRing3">
                                <matrix sid="matrix">0.9754477 -0.220174 0.005003303 0.9941559 0.2200436 0.9753038 0.0190554 1.14441e-5 -0.009075254 -0.0174866 0.9998059 -1.90735e-6 0 0 0 1</matrix>
                                <node id="node-RightHandRing_Nub" name="RightHandRing_Nub">
                                  <matrix>0.9952023 6.81132e-5 0.09784198 1.324512 9.05395e-5 0.999999 -0.001617163 0 -0.09784201 0.001618236 0.9952006 -3.8147e-6 0 0 0 1</matrix>
                                  <extra>
                                    <technique profile="OpenCOLLADA">
                                      <cast_shadows type="bool">1</cast_shadows>
                                      <primary_visibility type="integer">1</primary_visibility>
                                      <receive_shadows type="bool">1</receive_shadows>
                                      <secondary_visibility type="integer">1</secondary_visibility>
                                    </technique>
                                  </extra>
                                </node>
                                <extra>
                                  <technique profile="OpenCOLLADA">
                                    <cast_shadows type="bool">1</cast_shadows>
                                    <primary_visibility type="integer">1</primary_visibility>
                                    <receive_shadows type="bool">1</receive_shadows>
                                    <secondary_visibility type="integer">1</secondary_visibility>
                                  </technique>
                                </extra>
                              </node>
                              <extra>
                                <technique profile="OpenCOLLADA">
                                  <cast_shadows type="bool">1</cast_shadows>
                                  <primary_visibility type="integer">1</primary_visibility>
                                  <receive_shadows type="bool">1</receive_shadows>
                                  <secondary_visibility type="integer">1</secondary_visibility>
                                </technique>
                              </extra>
                            </node>
                            <extra>
                              <technique profile="OpenCOLLADA">
                                <cast_shadows type="bool">1</cast_shadows>
                                <primary_visibility type="integer">1</primary_visibility>
                                <receive_shadows type="bool">1</receive_shadows>
                                <secondary_visibility type="integer">1</secondary_visibility>
                              </technique>
                            </extra>
                          </node>
                          <node id="node-RightHandPinky1" name="RightHandPinky1">
                            <matrix sid="matrix">0.9605083 -0.1386509 0.2412461 3.586529 0.2593699 0.7600732 -0.5958323 -0.1616354 -0.1007519 0.6348737 0.7660187 -1.95508 0 0 0 1</matrix>
                            <node id="node-RightHandPinky2" name="RightHandPinky2">
                              <matrix sid="matrix">0.9798713 -0.1949272 0.04307207 1.135441 0.1926943 0.9799288 0.05106124 8.58307e-6 -0.0521608 -0.04173369 0.9977663 3.8147e-6 0 0 0 1</matrix>
                              <node id="node-RightHandPinky3" name="RightHandPinky3">
                                <matrix sid="matrix">0.9812108 -0.1870449 -0.04732916 1.082596 0.1904524 0.978231 0.0824222 -7.62939e-6 0.03088215 -0.08988757 0.9954733 -7.62939e-6 0 0 0 1</matrix>
                                <node id="node-RightHandPinky_Nub" name="RightHandPinky_Nub">
                                  <matrix>0.9800674 0.00319076 0.1986373 1.037746 -0.003131684 0.9999946 -6.11499e-4 -7.62939e-6 -0.1986381 -2.2769e-5 0.9800727 0 0 0 0 1</matrix>
                                  <extra>
                                    <technique profile="OpenCOLLADA">
                                      <cast_shadows type="bool">1</cast_shadows>
                                      <primary_visibility type="integer">1</primary_visibility>
                                      <receive_shadows type="bool">1</receive_shadows>
                                      <secondary_visibility type="integer">1</secondary_visibility>
                                    </technique>
                                  </extra>
                                </node>
                                <extra>
                                  <technique profile="OpenCOLLADA">
                                    <cast_shadows type="bool">1</cast_shadows>
                                    <primary_visibility type="integer">1</primary_visibility>
                                    <receive_shadows type="bool">1</receive_shadows>
                                    <secondary_visibility type="integer">1</secondary_visibility>
                                  </technique>
                                </extra>
                              </node>
                              <extra>
                                <technique profile="OpenCOLLADA">
                                  <cast_shadows type="bool">1</cast_shadows>
                                  <primary_visibility type="integer">1</primary_visibility>
                                  <receive_shadows type="bool">1</receive_shadows>
                                  <secondary_visibility type="integer">1</secondary_visibility>
                                </technique>
                              </extra>
                            </node>
                            <extra>
                              <technique profile="OpenCOLLADA">
