<?xml version="1.0" encoding="utf-8"?>
<COLLADA xmlns="http://www.collada.org/2005/11/COLLADASchema" version="1.4.1">
  <asset>
    <contributor>
      <author>IT</author>
      <authoring_tool>OpenCOLLADA for 3ds Max;  ;  </authoring_tool>
    </contributor>
    <created>2015-11-12T14:34:17</created>
    <modified>2015-11-12T14:34:17</modified>
    <unit name="inch" meter="0.0254"/>
    <up_axis>Z_UP</up_axis>
  </asset>
  <library_lights>
    <light id="EnvironmentAmbientLight" name="EnvironmentAmbientLight">
      <technique_common>
        <ambient>
          <color>0 0 0</color>
        </ambient>
      </technique_common>
    </light>
  </library_lights>
  <library_visual_scenes>
    <visual_scene id="MaxScene">
      <node name="EnvironmentAmbientLight">
        <instance_light url="#EnvironmentAmbientLight"/>
      </node>
      <node id="node-Hips" name="Hips">
        <matrix sid="matrix">0.9965795 0.03115514 -0.07672422 -1.499047 -0.07795967 0.0406032 -0.9961473 1.283069 -0.02791928 0.9987066 0.04289261 34.78183 0 0 0 1</matrix>
        <node id="node-Spine" name="Spine">
          <matrix sid="matrix">-0.009186406 -0.9999377 0.006323773 7.15256e-7 0.9988024 -0.009479484 -0.04799113 4.045464 0.04804809 0.005875337 0.9988274 -7.15256e-7 0 0 0 1</matrix>
          <node id="node-Spine1" name="Spine1">
            <matrix sid="matrix">0.9998038 -0.006114565 -0.01884064 4.706161 0.006074776 0.9999791 -0.002168276 1.90735e-6 0.0188535 0.002053395 0.9998204 -2.38419e-7 0 0 0 1</matrix>
            <node id="node-Spine2" name="Spine2">
              <matrix sid="matrix">0.9999554 -0.006076297 0.007195996 4.606163 0.006090987 0.9999794 -0.002021595 8.34465e-7 -0.007183559 0.002065327 0.999972 -4.76837e-7 0 0 0 1</matrix>
              <node id="node-Spine3" name="Spine3">
                <matrix sid="matrix">0.9937958 -0.006202867 0.1110474 4.736618 0.006367581 0.9999792 -0.001128682 -1.19209e-7 -0.1110381 0.001828777 0.9938145 -2.38419e-7 0 0 0 1</matrix>
                <node id="node-Neck" name="Neck">
                  <matrix sid="matrix">0.927522 0.004506437 -0.3737415 5.192265 -0.004897381 0.999988 -9.644e-5 -4.76837e-7 0.3737365 0.001919796 0.9275329 -2.38419e-6 0 0 0 1</matrix>
                  <node id="node-Neck1" name="Neck1">
                    <matrix sid="matrix">0.9992896 0.004982662 0.03734966 1.587696 -0.004975637 0.9999876 -2.80999e-4 2.38419e-7 -0.03735059 9.49742e-5 0.9993019 -5.72205e-6 0 0 0 1</matrix>
                    <node id="node-Head" name="Head">
                      <matrix sid="matrix">0.9944922 0.004605877 0.1047106 2.400829 -0.004833193 0.9999866 0.001917287 0 -0.1047004 -0.002412802 0.994501 -9.53674e-7 0 0 0 1</matrix>
                      <node id="node-Head_Nub" name="Head_Nub">
                        <matrix>1.61687e-5 -0.02608833 0.9996595 7.263325 -0.9999998 -8.94652e-7 1.61519e-5 2.38419e-7 4.80795e-7 -0.9996597 -0.02608831 9.53674e-7 0 0 0 1</matrix>
                        <extra>
                          <technique profile="OpenCOLLADA">
                            <cast_shadows type="bool">1</cast_shadows>
                            <primary_visibility type="integer">1</primary_visibility>
                            <receive_shadows type="bool">1</receive_shadows>
                            <secondary_visibility type="integer">1</secondary_visibility>
                          </technique>
                        </extra>
                      </node>
                      <node id="node-LeftEye" name="LeftEye">
                        <matrix>-6.38887e-7 -7.59959e-7 0.9999998 2.980587 -0.9999994 -5.89062e-8 -6.39819e-7 -1.220006 5.9139e-8 -1 -7.7486e-7 2.714777 0 0 0 1</matrix>
                        <extra>
                          <technique profile="OpenCOLLADA">
                            <cast_shadows type="bool">1</cast_shadows>
                            <primary_visibility type="integer">1</primary_visibility>
                            <receive_shadows type="bool">1</receive_shadows>
                            <secondary_visibility type="integer">1</secondary_visibility>
                          </technique>
                        </extra>
                      </node>
                      <node id="node-RightEye" name="RightEye">
                        <matrix>-6.38887e-7 -7.59959e-7 0.9999998 2.981037 -0.9999994 -5.89062e-8 -6.39819e-7 1.220176 5.9139e-8 -1 -7.7486e-7 2.714946 0 0 0 1</matrix>
                        <extra>
                          <technique profile="OpenCOLLADA">
                            <cast_shadows type="bool">1</cast_shadows>
                            <primary_visibility type="integer">1</primary_visibility>
                            <receive_shadows type="bool">1</receive_shadows>
                            <secondary_visibility type="integer">1</secondary_visibility>
                          </technique>
                        </extra>
                      </node>
                      <extra>
                        <technique profile="OpenCOLLADA">
                          <cast_shadows type="bool">1</cast_shadows>
                          <primary_visibility type="integer">1</primary_visibility>
                          <receive_shadows type="bool">1</receive_shadows>
                          <secondary_visibility type="integer">1</secondary_visibility>
                        </technique>
                      </extra>
                    </node>
                    <extra>
                      <technique profile="OpenCOLLADA">
                        <cast_shadows type="bool">1</cast_shadows>
                        <primary_visibility type="integer">1</primary_visibility>
                        <receive_shadows type="bool">1</receive_shadows>
                        <secondary_visibility type="integer">1</secondary_visibility>
                      </technique>
                    </extra>
                  </node>
                  <extra>
                    <technique profile="OpenCOLLADA">
                      <cast_shadows type="bool">1</cast_shadows>
                      <primary_visibility type="integer">1</primary_visibility>
                      <receive_shadows type="bool">1</receive_shadows>
                      <secondary_visibility type="integer">1</secondary_visibility>
                    </technique>
                  </extra>
                </node>
                <node id="node-LeftShoulder" name="LeftShoulder">
                  <matrix sid="matrix">-0.2169566 0.960583 -0.1738103 3.30619 -0.9742215 -0.2243379 -0.02376967 -0.7400252 -0.06182497 0.1641727 0.9844924 0.184814 0 0 0 1</matrix>
                  <node id="node-LeftShoulderRoll" name="LeftShoulderRoll">
                    <matrix>1 -5.90086e-6 9.40077e-6 5.478491 5.90086e-6 0.9999998 -2.23517e-8 -7.62939e-6 -9.40636e-6 7.45058e-9 0.9999996 2.86102e-6 0 0 0 1</matrix>
                    <node id="node-LeftArm" name="LeftArm">
                      <matrix sid="matrix">0.4471997 0.8868728 0.1160642 1.337999 -0.8854251 0.457324 -0.08290907 0 -0.1266082 -0.06568955 0.9897751 -4.29153e-6 0 0 0 1</matrix>
                      <node id="node-LeftForeArm" name="LeftForeArm">
                        <matrix sid="matrix">0.8290852 0.07778183 -0.5536839 10.97947 -0.2999798 0.897562 -0.3231016 -9.53674e-6 0.4718328 0.433973 0.7674906 2.86102e-6 0 0 0 1</matrix>
                        <node id="node-LeftForeArmRoll" name="LeftForeArmRoll">
                          <matrix sid="matrix">0.9999996 1.00881e-5 2.07454e-4 4.802479 3.18885e-5 0.9795176 -0.2013554 4.76837e-6 -2.05278e-4 0.2013552 0.9795189 -4.76837e-7 0 0 0 1</matrix>
                          <extra>
                            <technique profile="OpenCOLLADA">
                              <cast_shadows type="bool">1</cast_shadows>
                              <primary_visibility type="integer">1</primary_visibility>
                              <receive_shadows type="bool">1</receive_shadows>
                              <secondary_visibility type="integer">1</secondary_visibility>
                            </technique>
                          </extra>
                        </node>
                        <node id="node-LeftHand" name="LeftHand">
                          <matrix sid="matrix">0.9956763 -0.0664908 0.06483509 9.713955 0.05716387 0.9890067 0.1363868 0.004065514 -0.07319058 -0.1320915 0.9885314 0.007582664 0 0 0 1</matrix>
                          <node id="node-LeftHandThumb1" name="LeftHandThumb1">
                            <matrix sid="matrix">0.8311945 -0.5128018 -0.2148236 1.790764 -0.06108005 0.2998245 -0.9520375 -1.0117 0.5526151 0.8044501 0.2178907 1.204537 0 0 0 1</matrix>
                            <node id="node-LeftHandThumb2" name="LeftHandThumb2">
                              <matrix sid="matrix">0.9523442 0.3036998 -0.02842993 1.580383 -0.3050224 0.9487405 -0.08277492 -5.72205e-6 0.001833916 0.08750185 0.9961625 -8.58307e-6 0 0 0 1</matrix>
                              <node id="node-LeftHandThumb3" name="LeftHandThumb3">
                                <matrix sid="matrix">0.9882417 0.1526564 0.008595347 1.470043 -0.1524945 0.9881566 -0.01708369 0 -0.01110147 0.01557206 0.9998169 0 0 0 0 1</matrix>
                                <node id="node-LeftHandThumb_Nub" name="LeftHandThumb_Nub">
                                  <matrix>0.9777414 -0.1953859 -0.07645866 1.954535 0.1977043 0.9799685 0.02395579 -1.14441e-5 0.07024644 -0.03853876 0.9967849 6.67572e-6 0 0 0 1</matrix>
                                  <extra>
                                    <technique profile="OpenCOLLADA">
                                      <cast_shadows type="bool">1</cast_shadows>
                                      <primary_visibility type="integer">1</primary_visibility>
                                      <receive_shadows type="bool">1</receive_shadows>
                                      <secondary_visibility type="integer">1</secondary_visibility>
                                    </technique>
                                  </extra>
                                </node>
                                <extra>
                                  <technique profile="OpenCOLLADA">
                                    <cast_shadows type="bool">1</cast_shadows>
                                    <primary_visibility type="integer">1</primary_visibility>
                                    <receive_shadows type="bool">1</receive_shadows>
                                    <secondary_visibility type="integer">1</secondary_visibility>
                                  </technique>
                                </extra>
                              </node>
                              <extra>
                                <technique profile="OpenCOLLADA">
                                  <cast_shadows type="bool">1</cast_shadows>
                                  <primary_visibility type="integer">1</primary_visibility>
                                  <receive_shadows type="bool">1</receive_shadows>
                                  <secondary_visibility type="integer">1</secondary_visibility>
                                </technique>
                              </extra>
                            </node>
                            <extra>
                              <technique profile="OpenCOLLADA">
                                <cast_shadows type="bool">1</cast_shadows>
                                <primary_visibility type="integer">1</primary_visibility>
                                <receive_shadows type="bool">1</receive_shadows>
                                <secondary_visibility type="integer">1</secondary_visibility>
                              </technique>
                            </extra>
                          </node>
                          <node id="node-LeftHandIndex1" name="LeftHandIndex1">
                            <matrix sid="matrix">0.9548224 0.2902763 -0.06366079 4.710184 -0.2971632 0.9344946 -0.1959987 0.2064619 0.00259681 0.2060619 0.9785358 1.454515 0 0 0 1</matrix>
                            <node id="node-LeftHandIndex2" name="LeftHandIndex2">
                              <matrix sid="matrix">0.9569409 0.2871842 -0.04225698 1.364048 -0.2873726 0.9578189 0.001650173 1.52588e-5 0.04094832 0.01056433 0.9991053 -3.8147e-6 0 0 0 1</matrix>
                              <node id="node-LeftHandIndex3" name="LeftHandIndex3">
                                <matrix sid="matrix">0.9999849 0.001409501 0.005318344 1.076817 -0.001372784 0.9999751 -0.006896406 -7.15256e-6 -0.00532794 0.00688906 0.9999622 0 0 0 0 1</matrix>
                                <node id="node-LeftHandIndex_Nub" name="LeftHandIndex_Nub">
                                  <matrix>0.9978431 -0.04232052 -0.05018917 1.570724 0.05103996 0.9809122 0.1876338 -9.53674e-7 0.04129049 -0.1897907 0.9809554 0 0 0 0 1</matrix>
                                  <extra>
                                    <technique profile="OpenCOLLADA">
                                      <cast_shadows type="bool">1</cast_shadows>
                                      <primary_visibility type="integer">1</primary_visibility>
                                      <receive_shadows type="bool">1</receive_shadows>
                                      <secondary_visibility type="integer">1</secondary_visibility>
                                    </technique>
                                  </extra>
                                </node>
                                <extra>
                                  <technique profile="OpenCOLLADA">
                                    <cast_shadows type="bool">1</cast_shadows>
                                    <primary_visibility type="integer">1</primary_visibility>
                                    <receive_shadows type="bool">1</receive_shadows>
                                    <secondary_visibility type="integer">1</secondary_visibility>
                                  </technique>
                                </extra>
                              </node>
                              <extra>
                                <technique profile="OpenCOLLADA">
                                  <cast_shadows type="bool">1</cast_shadows>
                                  <primary_visibility type="integer">1</primary_visibility>
                                  <receive_shadows type="bool">1</receive_shadows>
                                  <secondary_visibility type="integer">1</secondary_visibility>
                                </technique>
                              </extra>
                            </node>
                            <extra>
                              <technique profile="OpenCOLLADA">
                                <cast_shadows type="bool">1</cast_shadows>
                                <primary_visibility type="integer">1</primary_visibility>
                                <receive_shadows type="bool">1</receive_shadows>
                                <secondary_visibility type="integer">1</secondary_visibility>
                              </technique>
                            </extra>
                          </node>
                          <node id="node-LeftHandMiddle1" name="LeftHandMiddle1">
                            <matrix sid="matrix">0.934804 0.340674 0.1004033 4.610952 -0.3440778 0.9387648 0.01826887 0.3618574 -0.08803122 -0.05162452 0.9947789 0.2569828 0 0 0 1</matrix>
                            <node id="node-LeftHandMiddle2" name="LeftHandMiddle2">
                              <matrix sid="matrix">0.9390466 0.3427376 -0.02680287 1.755217 -0.3427385 0.9394218 0.004628554 9.53674e-7 0.02676542 0.004839972 0.9996302 -2.38419e-7 0 0 0 1</matrix>
                              <node id="node-LeftHandMiddle3" name="LeftHandMiddle3">
                                <matrix sid="matrix">0.9999992 0.001133144 9.93013e-5 1.118103 -0.001133472 0.9999942 0.003180884 -7.62939e-6 -9.57102e-5 -0.003180966 0.9999948 4.76837e-7 0 0 0 1</matrix>
                                <node id="node-LeftHandMiddle_Nub" name="LeftHandMiddle_Nub">
                                  <matrix>0.9984145 3.23474e-4 -0.05628662 1.462635 -3.22819e-4 0.9999999 2.05562e-5 -1.52588e-5 0.05628663 -2.37674e-6 0.9984146 1.43051e-6 0 0 0 1</matrix>
                                  <extra>
                                    <technique profile="OpenCOLLADA">
                                      <cast_shadows type="bool">1</cast_shadows>
                                      <primary_visibility type="integer">1</primary_visibility>
                                      <receive_shadows type="bool">1</receive_shadows>
                                      <secondary_visibility type="integer">1</secondary_visibility>
                                    </technique>
                                  </extra>
                                </node>
                                <extra>
                                  <technique profile="OpenCOLLADA">
                                    <cast_shadows type="bool">1</cast_shadows>
                                    <primary_visibility type="integer">1</primary_visibility>
                                    <receive_shadows type="bool">1</receive_shadows>
                                    <secondary_visibility type="integer">1</secondary_visibility>
                                  </technique>
                                </extra>
                              </node>
                              <extra>
                                <technique profile="OpenCOLLADA">
                                  <cast_shadows type="bool">1</cast_shadows>
                                  <primary_visibility type="integer">1</primary_visibility>
                                  <receive_shadows type="bool">1</receive_shadows>
                                  <secondary_visibility type="integer">1</secondary_visibility>
                                </technique>
                              </extra>
                            </node>
                            <extra>
                              <technique profile="OpenCOLLADA">
                                <cast_shadows type="bool">1</cast_shadows>
                                <primary_visibility type="integer">1</primary_visibility>
                                <receive_shadows type="bool">1</receive_shadows>
                                <secondary_visibility type="integer">1</secondary_visibility>
                              </technique>
                            </extra>
                          </node>
                          <node id="node-LeftHandRing1" name="LeftHandRing1">
                            <matrix sid="matrix">0.9491308 0.2842774 0.1354102 4.44606 -0.3058226 0.9346399 0.1814489 0.281764 -0.07497777 -0.2136309 0.9740325 -0.9610023 0 0 0 1</matrix>
                            <node id="node-LeftHandRing2" name="LeftHandRing2">
                              <matrix sid="matrix">0.9238982 0.3826311 0.00118722 1.450615 -0.3821191 0.9228249 -0.04882367 7.62939e-6 -0.01977692 0.04465473 0.9988068 -7.15256e-7 0 0 0 1</matrix>
                              <node id="node-LeftHandRing3" name="LeftHandRing3">
                                <matrix sid="matrix">0.9995794 -0.02052066 -0.01988299 0.9941406 0.02044025 0.9997646 -0.004249699 -1.33514e-5 0.01996599 0.003841534 0.9997752 1.23978e-5 0 0 0 1</matrix>
                                <node id="node-LeftHandRing_Nub" name="LeftHandRing_Nub">
                                  <matrix>0.9952149 -6.80983e-5 0.09784293 1.324499 -9.05991e-5 1.000016 0.001618091 1.33514e-5 -0.0978424 -0.00161919 0.9952187 -8.34465e-6 0 0 0 1</matrix>
                                  <extra>
                                    <technique profile="OpenCOLLADA">
                                      <cast_shadows type="bool">1</cast_shadows>
                                      <primary_visibility type="integer">1</primary_visibility>
                                      <receive_shadows type="bool">1</receive_shadows>
                                      <secondary_visibility type="integer">1</secondary_visibility>
                                    </technique>
                                  </extra>
                                </node>
                                <extra>
                                  <technique profile="OpenCOLLADA">
                                    <cast_shadows type="bool">1</cast_shadows>
                                    <primary_visibility type="integer">1</primary_visibility>
                                    <receive_shadows type="bool">1</receive_shadows>
                                    <secondary_visibility type="integer">1</secondary_visibility>
                                  </technique>
                                </extra>
                              </node>
                              <extra>
                                <technique profile="OpenCOLLADA">
                                  <cast_shadows type="bool">1</cast_shadows>
                                  <primary_visibility type="integer">1</primary_visibility>
                                  <receive_shadows type="bool">1</receive_shadows>
                                  <secondary_visibility type="integer">1</secondary_visibility>
                                </technique>
                              </extra>
                            </node>
                            <extra>
                              <technique profile="OpenCOLLADA">
                                <cast_shadows type="bool">1</cast_shadows>
                                <primary_visibility type="integer">1</primary_visibility>
                                <receive_shadows type="bool">1</receive_shadows>
                                <secondary_visibility type="integer">1</secondary_visibility>
                              </technique>
                            </extra>
                          </node>
                          <node id="node-LeftHandPinky1" name="LeftHandPinky1">
                            <matrix sid="matrix">0.9547588 0.2425211 0.1720981 3.5865 -0.2886665 0.894877 0.340395 0.1616373 -0.0714536 -0.3746753 0.9243978 -1.955034 0 0 0 1</matrix>
                            <node id="node-LeftHandPinky2" name="LeftHandPinky2">
                              <matrix sid="matrix">0.9512575 0.299727 0.07258866 1.135427 -0.2992445 0.9540147 -0.0176726 5.72205e-6 -0.07454728 -0.004910585 0.9972055 -1.19209e-6 0 0 0 1</matrix>
                              <node id="node-LeftHandPinky3" name="LeftHandPinky3">
                                <matrix sid="matrix">0.9969125 0.001548767 -0.07833731 1.082563 -0.0062958 0.9981376 -0.06038566 9.53674e-6 0.07809968 0.06069325 0.9950782 3.8147e-6 0 0 0 1</matrix>
                                <node id="node-LeftHandPinky_Nub" name="LeftHandPinky_Nub">
                                  <matrix>0.9800812 -0.003193498 0.1986378 1.037748 0.003134459 1.000013 6.11261e-4 1.23978e-5 -0.1986377 2.35364e-5 0.9800912 3.8147e-6 0 0 0 1</matrix>
                                  <extra>
                                    <technique profile="OpenCOLLADA">
                                      <cast_shadows type="bool">1</cast_shadows>
                                      <primary_visibility type="integer">1</primary_visibility>
                                      <receive_shadows type="bool">1</receive_shadows>
                                      <secondary_visibility type="integer">1</secondary_visibility>
                                    </technique>
                                  </extra>
                                </node>
                                <extra>
                                  <technique profile="OpenCOLLADA">
                                    <cast_shadows type="bool">1</cast_shadows>
                                    <primary_visibility type="integer">1</primary_visibility>
                                    <receive_shadows type="bool">1</receive_shadows>
                                    <secondary_visibility type="integer">1</secondary_visibility>
                                  </technique>
                                </extra>
                              </node>
                              <extra>
                                <technique profile="OpenCOLLADA">
                                  <cast_shadows type="bool">1</cast_shadows>
                                  <primary_visibility type="integer">1</primary_visibility>
                                  <receive_shadows type="bool">1</receive_shadows>
                                  <secondary_visibility type="integer">1</secondary_visibility>
                                </technique>
                              </extra>
                            </node>
                            <extra>
                              <technique profile="OpenCOLLADA">
                                <cast_shadows type="bool">1</cast_shadows>
                                <primary_visibility type="integer">1</primary_visibility>
                                <receive_shadows type="bool">1</receive_shadows>
                                <secondary_visibility type="integer">1</secondary_visibility>
                              </technique>
                            </extra>
                          </node>
                          <extra>
                            <technique profile="OpenCOLLADA">
                              <cast_shadows type="bool">1</cast_shadows>
                              <primary_visibility type="integer">1</primary_visibility>
                              <receive_shadows type="bool">1</receive_shadows>
                              <secondary_visibility type="integer">1</secondary_visibility>
                            </technique>
                          </extra>
                        </node>
                        <extra>
                          <technique profile="OpenCOLLADA">
                            <cast_shadows type="bool">1</cast_shadows>
                            <primary_visibility type="integer">1</primary_visibility>
                            <receive_shadows type="bool">1</receive_shadows>
                            <secondary_visibility type="integer">1</secondary_visibility>
                          </technique>
                        </extra>
                      </node>
                      <node id="node-LeftArmRoll" name="LeftArmRoll">
                        <matrix sid="matrix">1 0 1.49012e-8 1.242111 -1.49012e-8 0.9717073 -0.2361894 3.8147e-6 -1.49012e-8 0.2361895 0.9717068 9.53674e-7 0 0 0 1</matrix>
                        <extra>
                          <technique profile="OpenCOLLADA">
                            <cast_shadows type="bool">1</cast_shadows>
                            <primary_visibility type="integer">1</primary_visibility>
                            <receive_shadows type="bool">1</receive_shadows>
                            <secondary_visibility type="integer">1</secondary_visibility>
                          </technique>
                        </extra>
                      </node>
                      <extra>
                        <technique profile="OpenCOLLADA">
                          <cast_shadows type="bool">1</cast_shadows>
                          <primary_visibility type="integer">1</primary_visibility>
                          <receive_shadows type="bool">1</receive_shadows>
                          <secondary_visibility type="integer">1</secondary_visibility>
                        </technique>
                      </extra>
                    </node>
                    <extra>
                      <technique profile="OpenCOLLADA">
                        <cast_shadows type="bool">1</cast_shadows>
                        <primary_visibility type="integer">1</primary_visibility>
                        <receive_shadows type="bool">1</receive_shadows>
                        <secondary_visibility type="integer">1</secondary_visibility>
                      </technique>
                    </extra>
                  </node>
                  <extra>
                    <technique profile="OpenCOLLADA">
                      <cast_shadows type="bool">1</cast_shadows>
                      <primary_visibility type="integer">1</primary_visibility>
                      <receive_shadows type="bool">1</receive_shadows>
                      <secondary_visibility type="integer">1</secondary_visibility>
                    </technique>
                  </extra>
                </node>
                <node id="node-RightShoulder" name="RightShoulder">
                  <matrix sid="matrix">-0.2042537 -0.964753 -0.165827 3.306171 0.9761272 -0.2134797 0.0396721 0.7401133 -0.07367601 -0.1537674 0.9853382 0.1847491 0 0 0 1</matrix>
                  <node id="node-RightShoulderRoll" name="RightShoulderRoll">
                    <matrix>1 7.15256e-6 9.21357e-6 5.478573 -7.16746e-6 1 -8.9407e-8 0 -9.21637e-6 8.19564e-8 1 1.23978e-5 0 0 0 1</matrix>
                    <node id="node-RightArm" name="RightArm">
                      <matrix sid="matrix">0.4535806 -0.889057 0.06198475 1.338014 0.8875846 0.4569103 0.0585375 -1.90735e-5 -0.08036467 0.02846524 0.9963591 -1.38283e-5 0 0 0 1</matrix>
                      <node id="node-RightForeArm" name="RightForeArm">
                        <matrix sid="matrix">0.8575388 -0.1048401 -0.5036225 10.97961 0.239209 0.9479944 0.2099654 1.90735e-5 0.4554184 -0.3005245 0.8380211 0 0 0 0 1</matrix>
                        <node id="node-RightHand" name="RightHand">
                          <matrix sid="matrix">0.9863348 0.1109345 0.1218062 9.714111 -0.1105989 0.9938195 -0.009533236 -0.004067421 -0.1221108 -0.004068688 0.9925081 0.007591724 0 0 0 1</matrix>
                          <node id="node-RightHandMiddle1" name="RightHandMiddle1">
                            <matrix sid="matrix">0.9348052 -0.3406738 0.100403 4.611006 0.3440781 0.9387633 -0.01826561 -0.3618698 -0.08803204 0.05162125 0.9947796 0.2569835 0 0 0 1</matrix>
                            <node id="node-RightHandMiddle2" name="RightHandMiddle2">
                              <matrix sid="matrix">0.9390496 -0.3427351 -0.02680388 1.755226 0.3427381 0.9394197 -0.004625743 -8.58307e-6 0.02676549 -0.004842892 0.9996299 3.8147e-6 0 0 0 1</matrix>
                              <node id="node-RightHandMiddle3" name="RightHandMiddle3">
                                <matrix sid="matrix">0.9999995 -0.001135081 9.93684e-5 1.118116 0.001135498 0.9999944 -0.003180716 7.62939e-6 -9.574e-5 0.00318082 0.9999949 -7.86781e-6 0 0 0 1</matrix>
                                <node id="node-RightHandMiddle_Nub" name="RightHandMiddle_Nub">
                                  <matrix>0.9984145 -3.21388e-4 -0.05628693 1.462656 3.20762e-4 0.9999998 -2.03028e-5 1.81198e-5 0.05628691 2.24635e-6 0.9984147 3.09944e-6 0 0 0 1</matrix>
                                  <extra>
                                    <technique profile="OpenCOLLADA">
                                      <cast_shadows type="bool">1</cast_shadows>
                                      <primary_visibility type="integer">1</primary_visibility>
                                      <receive_shadows type="bool">1</receive_shadows>
                                      <secondary_visibility type="integer">1</secondary_visibility>
                                    </technique>
                                  </extra>
                                </node>
                                <extra>
                                  <technique profile="OpenCOLLADA">
                                    <cast_shadows type="bool">1</cast_shadows>
                                    <primary_visibility type="integer">1</primary_visibility>
                                    <receive_shadows type="bool">1</receive_shadows>
                                    <secondary_visibility type="integer">1</secondary_visibility>
                                  </technique>
                                </extra>
                              </node>
                              <extra>
                                <technique profile="OpenCOLLADA">
                                  <cast_shadows type="bool">1</cast_shadows>
                                  <primary_visibility type="integer">1</primary_visibility>
                                  <receive_shadows type="bool">1</receive_shadows>
                                  <secondary_visibility type="integer">1</secondary_visibility>
                                </technique>
                              </extra>
                            </node>
                            <extra>
                              <technique profile="OpenCOLLADA">
                                <cast_shadows type="bool">1</cast_shadows>
                                <primary_visibility type="integer">1</primary_visibility>
                                <receive_shadows type="bool">1</receive_shadows>
                                <secondary_visibility type="integer">1</secondary_visibility>
                              </technique>
                            </extra>
                          </node>
                          <node id="node-RightHandRing1" name="RightHandRing1">
                            <matrix sid="matrix">0.9491317 -0.2842765 0.135411 4.446106 0.3058225 0.9346387 -0.1814464 -0.2817669 -0.07497948 0.2136282 0.9740334 -0.9610238 0 0 0 1</matrix>
                            <node id="node-RightHandRing2" name="RightHandRing2">
                              <matrix sid="matrix">0.9239002 -0.3826314 0.001186952 1.450636 0.3821217 0.9228211 0.04882621 -9.53674e-7 -0.01977779 -0.04465699 0.9988065 1.19209e-5 0 0 0 1</matrix>
                              <node id="node-RightHandRing3" name="RightHandRing3">
                                <matrix sid="matrix">0.9995915 0.02052292 -0.01988429 0.9941578 -0.02044222 0.9997819 0.004249793 8.58307e-6 0.01996719 -0.003841572 0.9997932 -7.03335e-6 0 0 0 1</matrix>
                                <node id="node-RightHandRing_Nub" name="RightHandRing_Nub">
                                  <matrix>0.9952024 6.81281e-5 0.09784202 1.324507 9.05693e-5 0.9999992 -0.001617199 3.8147e-6 -0.09784202 0.001618307 0.9952008 -5.00679e-6 0 0 0 1</matrix>
                                  <extra>
                                    <technique profile="OpenCOLLADA">
                                      <cast_shadows type="bool">1</cast_shadows>
                                      <primary_visibility type="integer">1</primary_visibility>
                                      <receive_shadows type="bool">1</receive_shadows>
                                      <secondary_visibility type="integer">1</secondary_visibility>
                                    </technique>
                                  </extra>
                                </node>
                                <extra>
                                  <technique profile="OpenCOLLADA">
                                    <cast_shadows type="bool">1</cast_shadows>
                                    <primary_visibility type="integer">1</primary_visibility>
                                    <receive_shadows type="bool">1</receive_shadows>
                                    <secondary_visibility type="integer">1</secondary_visibility>
                                  </technique>
                                </extra>
                              </node>
                              <extra>
                                <technique profile="OpenCOLLADA">
                                  <cast_shadows type="bool">1</cast_shadows>
                                  <primary_visibility type="integer">1</primary_visibility>
                                  <receive_shadows type="bool">1</receive_shadows>
                                  <secondary_visibility type="integer">1</secondary_visibility>
                                </technique>
                              </extra>
                            </node>
                            <extra>
                              <technique profile="OpenCOLLADA">
                                <cast_shadows type="bool">1</cast_shadows>
                                <primary_visibility type="integer">1</primary_visibility>
                                <receive_shadows type="bool">1</receive_shadows>
                                <secondary_visibility type="integer">1</secondary_visibility>
                              </technique>
                            </extra>
                          </node>
                          <node id="node-RightHandPinky1" name="RightHandPinky1">
                            <matrix sid="matrix">0.9547592 -0.2425205 0.1721001 3.586531 0.2886671 0.8948761 -0.3403936 -0.1616383 -0.07145587 0.3746735 0.9243993 -1.955075 0 0 0 1</matrix>
                            <node id="node-RightHandPinky2" name="RightHandPinky2">
                              <matrix sid="matrix">0.9512596 -0.2997254 0.07258798 1.135456 0.299244 0.9540125 0.01767612 8.58307e-6 -0.0745478 0.004906941 0.9972054 7.39098e-6 0 0 0 1</matrix>
                              <node id="node-RightHandPinky3" name="RightHandPinky3">
                                <matrix sid="matrix">0.9969258 -0.001547515 -0.0783401 1.082586 0.006294698 0.9981559 0.0603863 -3.8147e-6 0.07810217 -0.06069379 0.9950962 -5.72205e-6 0 0 0 1</matrix>
                                <node id="node-RightHandPinky_Nub" name="RightHandPinky_Nub">
                                  <matrix>0.9800674 0.003190756 0.1986373 1.037746 -0.003131777 0.9999946 -6.11477e-4 -7.62939e-6 -0.1986381 -2.27913e-5 0.9800728 -4.29153e-6 0 0 0 1</matrix>
                                  <extra>
                                    <technique profile="OpenCOLLADA">
                                      <cast_shadows type="bool">1</cast_shadows>
                                      <primary_visibility type="integer">1</primary_visibility>
                                      <receive_shadows type="bool">1</receive_shadows>
                                      <secondary_visibility type="integer">1</secondary_visibility>
                                    </technique>
                                  </extra>
                                </node>
                                <extra>
                                  <technique profile="OpenCOLLADA">
                                    <cast_shadows type="bool">1</cast_shadows>
                                    <primary_visibility type="integer">1</primary_visibility>
                                    <receive_shadows type="bool">1</receive_shadows>
                                    <secondary_visibility type="integer">1</secondary_visibility>
                                  </technique>
                                </extra>
                              </node>
                              <extra>
                                <technique profile="OpenCOLLADA">
                                  <cast_shadows type="bool">1</cast_shadows>
                                  <primary_visibility type="integer">1</primary_visibility>
                                  <receive_shadows type="bool">1</receive_shadows>
                                  <secondary_visibility type="integer">1</secondary_visibility>
                                </technique>
                              </extra>
                            </node>
                            <extra>
