<?xml version="1.0" encoding="utf-8"?>
<COLLADA xmlns="http://www.collada.org/2005/11/COLLADASchema" version="1.4.1">
  <asset>
    <contributor>
      <author>IT</author>
      <authoring_tool>OpenCOLLADA for 3ds Max;  ;  </authoring_tool>
    </contributor>
    <created>2015-11-12T14:25:54</created>
    <modified>2015-11-12T14:25:54</modified>
    <unit name="inch" meter="0.0254"/>
    <up_axis>Z_UP</up_axis>
  </asset>
  <library_lights>
    <light id="EnvironmentAmbientLight" name="EnvironmentAmbientLight">
      <technique_common>
        <ambient>
          <color>0 0 0</color>
        </ambient>
      </technique_common>
    </light>
  </library_lights>
  <library_visual_scenes>
    <visual_scene id="MaxScene">
      <node name="EnvironmentAmbientLight">
        <instance_light url="#EnvironmentAmbientLight"/>
      </node>
      <node id="node-Hips" name="Hips">
        <matrix sid="matrix">0.9994709 0.01207877 0.03065923 -3.51556e-6 0.03049141 0.01383124 -0.9994574 -5.14134e-6 -0.01249601 0.9998484 0.01345544 35.77015 0 0 0 1</matrix>
        <node id="node-Spine" name="Spine">
          <matrix sid="matrix">-0.01617949 -0.9985888 -0.05058163 1.01328e-6 0.9998466 -0.0158193 -0.007513141 4.045464 0.006702373 -0.05069543 0.9986916 0 0 0 0 1</matrix>
          <node id="node-Spine1" name="Spine1">
            <matrix sid="matrix">0.9999301 0.01140452 0.003126334 4.706123 -0.01142138 0.9999198 0.005428697 9.98378e-7 -0.00306417 -0.005464023 0.9999801 -1.19209e-7 0 0 0 1</matrix>
            <node id="node-Spine2" name="Spine2">
              <matrix sid="matrix">0.9999801 -0.003375955 0.005303653 4.606152 0.003342736 0.9999747 0.006259996 9.83477e-7 -0.005324651 -0.006242145 0.9999662 -5.96046e-8 0 0 0 1</matrix>
              <node id="node-Spine3" name="Spine3">
                <matrix sid="matrix">0.9986099 0.006660533 -0.05229226 4.736603 -0.007621317 0.9998055 -0.01819546 4.47035e-8 0.05216091 0.0185687 0.998466 2.98023e-7 0 0 0 1</matrix>
                <node id="node-Neck" name="Neck">
                  <matrix sid="matrix">0.9934983 -0.03821798 -0.1072401 5.192238 0.04011372 0.9990737 0.01557573 -5.96046e-8 0.1065455 -0.01977626 0.9941114 -2.14577e-6 0 0 0 1</matrix>
                  <node id="node-Neck1" name="Neck1">
                    <matrix sid="matrix">0.9960505 0.02651432 -0.08473647 1.587704 -0.02721118 0.9996046 -0.007079272 -1.19209e-7 0.08451524 0.009357084 0.9963784 9.53674e-7 0 0 0 1</matrix>
                    <node id="node-Head" name="Head">
                      <matrix sid="matrix">0.9953508 0.003052348 0.09626645 2.400806 -0.00173901 0.999904 -0.01372368 0 -0.09629913 0.01349246 0.995261 -9.53674e-7 0 0 0 1</matrix>
                      <node id="node-Head_Nub" name="Head_Nub">
                        <matrix>1.61687e-5 -0.0260883 0.99966 7.263309 -1 -8.97518e-7 1.61505e-5 1.49012e-8 4.76473e-7 -0.9996598 -0.02608831 -4.76837e-7 0 0 0 1</matrix>
                        <extra>
                          <technique profile="OpenCOLLADA">
                            <cast_shadows type="bool">1</cast_shadows>
                            <primary_visibility type="integer">1</primary_visibility>
                            <receive_shadows type="bool">1</receive_shadows>
                            <secondary_visibility type="integer">1</secondary_visibility>
                          </technique>
                        </extra>
                      </node>
                      <node id="node-LeftEye" name="LeftEye">
                        <matrix>-6.39819e-7 -7.59959e-7 1 2.980572 -0.9999996 -5.80185e-8 -6.40168e-7 -1.220006 5.90371e-8 -1.000001 -7.59959e-7 2.71478 0 0 0 1</matrix>
                        <extra>
                          <technique profile="OpenCOLLADA">
                            <cast_shadows type="bool">1</cast_shadows>
                            <primary_visibility type="integer">1</primary_visibility>
                            <receive_shadows type="bool">1</receive_shadows>
                            <secondary_visibility type="integer">1</secondary_visibility>
                          </technique>
                        </extra>
                      </node>
                      <node id="node-RightEye" name="RightEye">
                        <matrix>-6.39819e-7 -7.59959e-7 1 2.981037 -0.9999996 -5.80185e-8 -6.40168e-7 1.220175 5.90371e-8 -1.000001 -7.59959e-7 2.714948 0 0 0 1</matrix>
                        <extra>
                          <technique profile="OpenCOLLADA">
                            <cast_shadows type="bool">1</cast_shadows>
                            <primary_visibility type="integer">1</primary_visibility>
                            <receive_shadows type="bool">1</receive_shadows>
                            <secondary_visibility type="integer">1</secondary_visibility>
                          </technique>
                        </extra>
                      </node>
                      <extra>
                        <technique profile="OpenCOLLADA">
                          <cast_shadows type="bool">1</cast_shadows>
                          <primary_visibility type="integer">1</primary_visibility>
                          <receive_shadows type="bool">1</receive_shadows>
                          <secondary_visibility type="integer">1</secondary_visibility>
                        </technique>
                      </extra>
                    </node>
                    <extra>
                      <technique profile="OpenCOLLADA">
                        <cast_shadows type="bool">1</cast_shadows>
                        <primary_visibility type="integer">1</primary_visibility>
                        <receive_shadows type="bool">1</receive_shadows>
                        <secondary_visibility type="integer">1</secondary_visibility>
                      </technique>
                    </extra>
                  </node>
                  <extra>
                    <technique profile="OpenCOLLADA">
                      <cast_shadows type="bool">1</cast_shadows>
                      <primary_visibility type="integer">1</primary_visibility>
                      <receive_shadows type="bool">1</receive_shadows>
                      <secondary_visibility type="integer">1</secondary_visibility>
                    </technique>
                  </extra>
                </node>
                <node id="node-LeftShoulder" name="LeftShoulder">
                  <matrix sid="matrix">-0.2168697 0.9638943 -0.1545148 3.306168 -0.9654683 -0.2351876 -0.112063 -0.740025 -0.1443569 0.1248759 0.981615 0.1848137 0 0 0 1</matrix>
                  <node id="node-LeftShoulderRoll" name="LeftShoulderRoll">
                    <matrix>0.9999996 -5.93066e-6 9.40263e-6 5.478487 5.88596e-6 0.9999999 -2.98023e-8 1.14441e-5 -9.39891e-6 2.98023e-8 0.9999996 3.8147e-6 0 0 0 1</matrix>
                    <node id="node-LeftArm" name="LeftArm">
                      <matrix sid="matrix">0.5072099 0.8402041 -0.1918233 1.337999 -0.8367071 0.533419 0.1240323 -7.62939e-6 0.206534 0.09758973 0.9735603 -4.76837e-6 0 0 0 1</matrix>
                      <node id="node-LeftForeArm" name="LeftForeArm">
                        <matrix sid="matrix">0.9605964 0.01063189 -0.277741 10.97946 -0.07461119 0.972455 -0.2208257 -9.53674e-6 0.2677425 0.2328469 0.9349317 -2.38419e-7 0 0 0 1</matrix>
                        <node id="node-LeftForeArmRoll" name="LeftForeArmRoll">
                          <matrix>0.9999998 2.98023e-8 -2.98023e-8 4.802471 2.98023e-8 0.9999997 -7.45058e-9 3.8147e-6 2.98023e-8 -7.45058e-9 1 4.76837e-7 0 0 0 1</matrix>
                          <extra>
                            <technique profile="OpenCOLLADA">
                              <cast_shadows type="bool">1</cast_shadows>
                              <primary_visibility type="integer">1</primary_visibility>
                              <receive_shadows type="bool">1</receive_shadows>
                              <secondary_visibility type="integer">1</secondary_visibility>
                            </technique>
                          </extra>
                        </node>
                        <node id="node-LeftHand" name="LeftHand">
                          <matrix sid="matrix">0.9966516 0.05751279 -0.05807404 9.713957 -0.03756601 0.9533731 0.2994532 0.004062653 0.07258831 -0.2962704 0.9523419 0.007584572 0 0 0 1</matrix>
                          <node id="node-LeftHandThumb1" name="LeftHandThumb1">
                            <matrix>0.9021766 -0.3135161 -0.2962865 1.79077 -0.1987906 0.3074024 -0.9305832 -1.011694 0.3828322 0.89845 0.2150069 1.204535 0 0 0 1</matrix>
                            <node id="node-LeftHandThumb2" name="LeftHandThumb2">
                              <matrix>0.9728754 0.2313138 0.003060311 1.580379 -0.2292506 0.9657977 -0.1211538 -9.53674e-6 -0.03098024 0.1171658 0.9926284 -9.53674e-6 0 0 0 1</matrix>
                              <node id="node-LeftHandThumb3" name="LeftHandThumb3">
                                <matrix>0.9406166 0.3374355 0.03712419 1.470036 -0.3372822 0.9413441 -0.01051509 -1.90735e-6 -0.03849486 -0.002630665 0.9992552 -2.86102e-6 0 0 0 1</matrix>
                                <node id="node-LeftHandThumb_Nub" name="LeftHandThumb_Nub">
                                  <matrix>0.9777415 -0.1953859 -0.07645863 1.95454 0.1977043 0.9799688 0.0239558 -1.23978e-5 0.07024647 -0.0385388 0.996785 5.72205e-6 0 0 0 1</matrix>
                                  <extra>
                                    <technique profile="OpenCOLLADA">
                                      <cast_shadows type="bool">1</cast_shadows>
                                      <primary_visibility type="integer">1</primary_visibility>
                                      <receive_shadows type="bool">1</receive_shadows>
                                      <secondary_visibility type="integer">1</secondary_visibility>
                                    </technique>
                                  </extra>
                                </node>
                                <extra>
                                  <technique profile="OpenCOLLADA">
                                    <cast_shadows type="bool">1</cast_shadows>
                                    <primary_visibility type="integer">1</primary_visibility>
                                    <receive_shadows type="bool">1</receive_shadows>
                                    <secondary_visibility type="integer">1</secondary_visibility>
                                  </technique>
                                </extra>
                              </node>
                              <extra>
                                <technique profile="OpenCOLLADA">
                                  <cast_shadows type="bool">1</cast_shadows>
                                  <primary_visibility type="integer">1</primary_visibility>
                                  <receive_shadows type="bool">1</receive_shadows>
                                  <secondary_visibility type="integer">1</secondary_visibility>
                                </technique>
                              </extra>
                            </node>
                            <extra>
                              <technique profile="OpenCOLLADA">
                                <cast_shadows type="bool">1</cast_shadows>
                                <primary_visibility type="integer">1</primary_visibility>
                                <receive_shadows type="bool">1</receive_shadows>
                                <secondary_visibility type="integer">1</secondary_visibility>
                              </technique>
                            </extra>
                          </node>
                          <node id="node-LeftHandIndex1" name="LeftHandIndex1">
                            <matrix>0.835021 0.5494393 0.02924965 4.710188 -0.533689 0.8217286 -0.1998498 0.2064648 -0.1338402 0.151269 0.9793897 1.454512 0 0 0 1</matrix>
                            <node id="node-LeftHandIndex2" name="LeftHandIndex2">
                              <matrix>0.8428361 0.5327218 -0.07636777 1.364048 -0.5321132 0.8461514 0.02976789 1.14441e-5 0.08047621 0.01554695 0.9966354 0 0 0 0 1</matrix>
                              <node id="node-LeftHandIndex3" name="LeftHandIndex3">
                                <matrix>0.999985 0.001410007 0.005318135 1.076809 -0.001373231 0.9999751 -0.006896392 -8.58307e-6 -0.005327746 0.006888956 0.9999621 -1.90735e-6 0 0 0 1</matrix>
                                <node id="node-LeftHandIndex_Nub" name="LeftHandIndex_Nub">
                                  <matrix>0.9978426 -0.04232046 -0.0501892 1.570736 0.05103999 0.9809119 0.1876339 0 0.04129043 -0.1897907 0.9809561 4.76837e-6 0 0 0 1</matrix>
                                  <extra>
                                    <technique profile="OpenCOLLADA">
                                      <cast_shadows type="bool">1</cast_shadows>
                                      <primary_visibility type="integer">1</primary_visibility>
                                      <receive_shadows type="bool">1</receive_shadows>
                                      <secondary_visibility type="integer">1</secondary_visibility>
                                    </technique>
                                  </extra>
                                </node>
                                <extra>
                                  <technique profile="OpenCOLLADA">
                                    <cast_shadows type="bool">1</cast_shadows>
                                    <primary_visibility type="integer">1</primary_visibility>
                                    <receive_shadows type="bool">1</receive_shadows>
                                    <secondary_visibility type="integer">1</secondary_visibility>
                                  </technique>
                                </extra>
                              </node>
                              <extra>
                                <technique profile="OpenCOLLADA">
                                  <cast_shadows type="bool">1</cast_shadows>
                                  <primary_visibility type="integer">1</primary_visibility>
                                  <receive_shadows type="bool">1</receive_shadows>
                                  <secondary_visibility type="integer">1</secondary_visibility>
                                </technique>
                              </extra>
                            </node>
                            <extra>
                              <technique profile="OpenCOLLADA">
                                <cast_shadows type="bool">1</cast_shadows>
                                <primary_visibility type="integer">1</primary_visibility>
                                <receive_shadows type="bool">1</receive_shadows>
                                <secondary_visibility type="integer">1</secondary_visibility>
                              </technique>
                            </extra>
                          </node>
                          <node id="node-LeftHandMiddle1" name="LeftHandMiddle1">
                            <matrix>0.8279805 0.543617 0.1375787 4.610952 -0.5533574 0.8318072 0.0435248 0.3618584 -0.09077778 -0.1121683 0.9895343 0.2569866 0 0 0 1</matrix>
                            <node id="node-LeftHandMiddle2" name="LeftHandMiddle2">
                              <matrix>0.8357357 0.5489861 -0.0125564 1.755213 -0.5487228 0.8357857 0.01920205 4.76837e-6 0.02103596 -0.009157926 0.999737 0 0 0 0 1</matrix>
                              <node id="node-LeftHandMiddle3" name="LeftHandMiddle3">
                                <matrix>0.9999995 0.001133144 9.93088e-5 1.118099 -0.001133472 0.9999945 0.003180847 -1.52588e-5 -9.56804e-5 -0.003180966 0.9999949 0 0 0 0 1</matrix>
                                <node id="node-LeftHandMiddle_Nub" name="LeftHandMiddle_Nub">
                                  <matrix>0.9984145 3.23534e-4 -0.05628661 1.462637 -3.22968e-4 0.9999996 2.05785e-5 -3.05176e-5 0.05628662 -2.36928e-6 0.9984145 2.86102e-6 0 0 0 1</matrix>
                                  <extra>
                                    <technique profile="OpenCOLLADA">
                                      <cast_shadows type="bool">1</cast_shadows>
                                      <primary_visibility type="integer">1</primary_visibility>
                                      <receive_shadows type="bool">1</receive_shadows>
                                      <secondary_visibility type="integer">1</secondary_visibility>
                                    </technique>
                                  </extra>
                                </node>
                                <extra>
                                  <technique profile="OpenCOLLADA">
                                    <cast_shadows type="bool">1</cast_shadows>
                                    <primary_visibility type="integer">1</primary_visibility>
                                    <receive_shadows type="bool">1</receive_shadows>
                                    <secondary_visibility type="integer">1</secondary_visibility>
                                  </technique>
                                </extra>
                              </node>
                              <extra>
                                <technique profile="OpenCOLLADA">
                                  <cast_shadows type="bool">1</cast_shadows>
                                  <primary_visibility type="integer">1</primary_visibility>
                                  <receive_shadows type="bool">1</receive_shadows>
                                  <secondary_visibility type="integer">1</secondary_visibility>
                                </technique>
                              </extra>
                            </node>
                            <extra>
                              <technique profile="OpenCOLLADA">
                                <cast_shadows type="bool">1</cast_shadows>
                                <primary_visibility type="integer">1</primary_visibility>
                                <receive_shadows type="bool">1</receive_shadows>
                                <secondary_visibility type="integer">1</secondary_visibility>
                              </technique>
                            </extra>
                          </node>
                          <node id="node-LeftHandRing1" name="LeftHandRing1">
                            <matrix>0.8409016 0.5234783 0.1373084 4.446058 -0.540648 0.8238807 0.1700656 0.2817688 -0.02410002 -0.2172448 0.9758196 -0.9610043 0 0 0 1</matrix>
                            <node id="node-LeftHandRing2" name="LeftHandRing2">
                              <matrix>0.7951231 0.6056768 0.03054312 1.450634 -0.6038115 0.795361 -0.05304957 1.33514e-5 -0.05642329 0.02373883 0.9981246 -1.90735e-6 0 0 0 1</matrix>
                              <node id="node-LeftHandRing3" name="LeftHandRing3">
                                <matrix>0.9995784 -0.02052209 -0.01988346 0.9941483 0.02044156 0.9997649 -0.004250154 -1.14441e-5 0.01996642 0.003841951 0.9997746 1.14441e-5 0 0 0 1</matrix>
                                <node id="node-LeftHandRing_Nub" name="LeftHandRing_Nub">
                                  <matrix>0.9952146 -6.80983e-5 0.09784298 1.324495 -9.07481e-5 1.000017 0.001618043 2.28882e-5 -0.0978424 -0.001619175 0.9952192 -8.58307e-6 0 0 0 1</matrix>
                                  <extra>
                                    <technique profile="OpenCOLLADA">
                                      <cast_shadows type="bool">1</cast_shadows>
                                      <primary_visibility type="integer">1</primary_visibility>
                                      <receive_shadows type="bool">1</receive_shadows>
                                      <secondary_visibility type="integer">1</secondary_visibility>
                                    </technique>
                                  </extra>
                                </node>
                                <extra>
                                  <technique profile="OpenCOLLADA">
                                    <cast_shadows type="bool">1</cast_shadows>
                                    <primary_visibility type="integer">1</primary_visibility>
                                    <receive_shadows type="bool">1</receive_shadows>
                                    <secondary_visibility type="integer">1</secondary_visibility>
                                  </technique>
                                </extra>
                              </node>
                              <extra>
                                <technique profile="OpenCOLLADA">
                                  <cast_shadows type="bool">1</cast_shadows>
                                  <primary_visibility type="integer">1</primary_visibility>
                                  <receive_shadows type="bool">1</receive_shadows>
                                  <secondary_visibility type="integer">1</secondary_visibility>
                                </technique>
                              </extra>
                            </node>
                            <extra>
                              <technique profile="OpenCOLLADA">
                                <cast_shadows type="bool">1</cast_shadows>
                                <primary_visibility type="integer">1</primary_visibility>
                                <receive_shadows type="bool">1</receive_shadows>
                                <secondary_visibility type="integer">1</secondary_visibility>
                              </technique>
                            </extra>
                          </node>
                          <node id="node-LeftHandPinky1" name="LeftHandPinky1">
                            <matrix>0.9500871 0.2691954 0.1576931 3.5865 -0.3047951 0.908771 0.2850196 0.161644 -0.06658091 -0.3188582 0.9454606 -1.955036 0 0 0 1</matrix>
                            <node id="node-LeftHandPinky2" name="LeftHandPinky2">
                              <matrix>0.9049913 0.4115471 0.1077834 1.135429 -0.4126074 0.9108135 -0.01329873 3.33786e-6 -0.1036432 -0.03243715 0.9940858 -1.90735e-6 0 0 0 1</matrix>
                              <node id="node-LeftHandPinky3" name="LeftHandPinky3">
                                <matrix>0.9969121 0.001547188 -0.07833821 1.082565 -0.00629434 0.9981384 -0.06038609 8.58307e-6 0.07810066 0.06069356 0.9950784 4.76837e-6 0 0 0 1</matrix>
                                <node id="node-LeftHandPinky_Nub" name="LeftHandPinky_Nub">
                                  <matrix>0.9800809 -0.003193349 0.1986379 1.037756 0.00313437 1.000013 6.11291e-4 2.00272e-5 -0.1986376 2.34619e-5 0.980092 4.76837e-6 0 0 0 1</matrix>
                                  <extra>
                                    <technique profile="OpenCOLLADA">
                                      <cast_shadows type="bool">1</cast_shadows>
                                      <primary_visibility type="integer">1</primary_visibility>
                                      <receive_shadows type="bool">1</receive_shadows>
                                      <secondary_visibility type="integer">1</secondary_visibility>
                                    </technique>
                                  </extra>
                                </node>
                                <extra>
                                  <technique profile="OpenCOLLADA">
                                    <cast_shadows type="bool">1</cast_shadows>
                                    <primary_visibility type="integer">1</primary_visibility>
                                    <receive_shadows type="bool">1</receive_shadows>
                                    <secondary_visibility type="integer">1</secondary_visibility>
                                  </technique>
                                </extra>
                              </node>
                              <extra>
                                <technique profile="OpenCOLLADA">
                                  <cast_shadows type="bool">1</cast_shadows>
                                  <primary_visibility type="integer">1</primary_visibility>
                                  <receive_shadows type="bool">1</receive_shadows>
                                  <secondary_visibility type="integer">1</secondary_visibility>
                                </technique>
                              </extra>
                            </node>
                            <extra>
                              <technique profile="OpenCOLLADA">
                                <cast_shadows type="bool">1</cast_shadows>
                                <primary_visibility type="integer">1</primary_visibility>
                                <receive_shadows type="bool">1</receive_shadows>
                                <secondary_visibility type="integer">1</secondary_visibility>
                              </technique>
                            </extra>
                          </node>
                          <extra>
                            <technique profile="OpenCOLLADA">
                              <cast_shadows type="bool">1</cast_shadows>
                              <primary_visibility type="integer">1</primary_visibility>
                              <receive_shadows type="bool">1</receive_shadows>
                              <secondary_visibility type="integer">1</secondary_visibility>
                            </technique>
                          </extra>
                        </node>
                        <extra>
                          <technique profile="OpenCOLLADA">
                            <cast_shadows type="bool">1</cast_shadows>
                            <primary_visibility type="integer">1</primary_visibility>
                            <receive_shadows type="bool">1</receive_shadows>
                            <secondary_visibility type="integer">1</secondary_visibility>
                          </technique>
                        </extra>
                      </node>
                      <node id="node-LeftArmRoll" name="LeftArmRoll">
                        <matrix>0.9999999 -1.49012e-7 -1.86265e-9 1.242126 1.19209e-7 1 4.88013e-7 5.72205e-6 1.86265e-9 -4.80562e-7 0.9999999 0 0 0 0 1</matrix>
                        <extra>
                          <technique profile="OpenCOLLADA">
                            <cast_shadows type="bool">1</cast_shadows>
                            <primary_visibility type="integer">1</primary_visibility>
                            <receive_shadows type="bool">1</receive_shadows>
                            <secondary_visibility type="integer">1</secondary_visibility>
                          </technique>
                        </extra>
                      </node>
                      <extra>
                        <technique profile="OpenCOLLADA">
                          <cast_shadows type="bool">1</cast_shadows>
                          <primary_visibility type="integer">1</primary_visibility>
                          <receive_shadows type="bool">1</receive_shadows>
                          <secondary_visibility type="integer">1</secondary_visibility>
                        </technique>
                      </extra>
                    </node>
                    <extra>
                      <technique profile="OpenCOLLADA">
                        <cast_shadows type="bool">1</cast_shadows>
                        <primary_visibility type="integer">1</primary_visibility>
                        <receive_shadows type="bool">1</receive_shadows>
                        <secondary_visibility type="integer">1</secondary_visibility>
                      </technique>
                    </extra>
                  </node>
                  <extra>
                    <technique profile="OpenCOLLADA">
                      <cast_shadows type="bool">1</cast_shadows>
                      <primary_visibility type="integer">1</primary_visibility>
                      <receive_shadows type="bool">1</receive_shadows>
                      <secondary_visibility type="integer">1</secondary_visibility>
                    </technique>
                  </extra>
                </node>
                <node id="node-RightShoulder" name="RightShoulder">
                  <matrix sid="matrix">-0.2168687 -0.9638814 -0.154489 3.306168 0.9654413 -0.2351939 0.112151 0.7401131 -0.1444381 -0.1248299 0.9815903 0.1847482 0 0 0 1</matrix>
                  <node id="node-RightShoulderRoll" name="RightShoulderRoll">
                    <matrix>1 7.15256e-6 9.19029e-6 5.47857 -7.13766e-6 1 -4.47035e-8 0 -9.20519e-6 5.96046e-8 1 1.04904e-5 0 0 0 1</matrix>
                    <node id="node-RightArm" name="RightArm">
                      <matrix sid="matrix">0.5532459 -0.8270549 -0.09949304 1.338016 0.8146917 0.5621164 -0.142487 0 0.1737712 -0.002225824 0.9847839 -1.43051e-5 0 0 0 1</matrix>
                      <node id="node-RightForeArm" name="RightForeArm">
                        <matrix sid="matrix">0.9514163 -0.2068661 -0.2280639 10.97962 0.23911 0.9630471 0.1239628 1.14441e-5 0.1939926 -0.1724726 0.9657224 0 0 0 0 1</matrix>
                        <node id="node-RightHand" name="RightHand">
                          <matrix sid="matrix">0.990833 0.07291971 -0.1137216 9.714108 -0.08849891 0.9863882 -0.1385887 -0.004070282 0.1020678 0.1473825 0.9837995 0.007594109 0 0 0 1</matrix>
                          <node id="node-RightHandMiddle1" name="RightHandMiddle1">
                            <matrix>0.8279831 -0.5436148 0.137579 4.611008 0.5533584 0.8318051 -0.0435275 -0.3618622 -0.0907768 0.1121703 0.9895343 0.2569876 0 0 0 1</matrix>
                            <node id="node-RightHandMiddle2" name="RightHandMiddle2">
                              <matrix>0.8357391 -0.5489832 -0.0125552 1.755234 0.5487242 0.8357823 -0.01920561 1.90735e-6 0.021037 0.009161517 0.9997364 4.29153e-6 0 0 0 1</matrix>
                              <node id="node-RightHandMiddle3" name="RightHandMiddle3">
                                <matrix>0.9999996 -0.001135111 9.9346e-5 1.118118 0.001135319 0.9999943 -0.00318078 7.62939e-6 -9.57698e-5 0.003180891 0.9999949 -8.58307e-6 0 0 0 1</matrix>
                                <node id="node-RightHandMiddle_Nub" name="RightHandMiddle_Nub">
                                  <matrix>0.9984145 -3.21478e-4 -0.05628694 1.462658 3.20762e-4 0.9999998 -2.03252e-5 1.33514e-5 0.05628692 2.21282e-6 0.9984149 4.76837e-6 0 0 0 1</matrix>
                                  <extra>
                                    <technique profile="OpenCOLLADA">
                                      <cast_shadows type="bool">1</cast_shadows>
                                      <primary_visibility type="integer">1</primary_visibility>
                                      <receive_shadows type="bool">1</receive_shadows>
                                      <secondary_visibility type="integer">1</secondary_visibility>
                                    </technique>
                                  </extra>
                                </node>
                                <extra>
                                  <technique profile="OpenCOLLADA">
                                    <cast_shadows type="bool">1</cast_shadows>
                                    <primary_visibility type="integer">1</primary_visibility>
                                    <receive_shadows type="bool">1</receive_shadows>
                                    <secondary_visibility type="integer">1</secondary_visibility>
                                  </technique>
                                </extra>
                              </node>
                              <extra>
                                <technique profile="OpenCOLLADA">
                                  <cast_shadows type="bool">1</cast_shadows>
                                  <primary_visibility type="integer">1</primary_visibility>
                                  <receive_shadows type="bool">1</receive_shadows>
                                  <secondary_visibility type="integer">1</secondary_visibility>
                                </technique>
                              </extra>
                            </node>
                            <extra>
                              <technique profile="OpenCOLLADA">
                                <cast_shadows type="bool">1</cast_shadows>
                                <primary_visibility type="integer">1</primary_visibility>
                                <receive_shadows type="bool">1</receive_shadows>
                                <secondary_visibility type="integer">1</secondary_visibility>
                              </technique>
                            </extra>
                          </node>
                          <node id="node-RightHandRing1" name="RightHandRing1">
                            <matrix>0.840905 -0.5234757 0.1373071 4.446112 0.5406477 0.8238795 -0.1700666 -0.2817726 -0.0240988 0.2172442 0.9758199 -0.9610205 0 0 0 1</matrix>
                            <node id="node-RightHandRing2" name="RightHandRing2">
                              <matrix>0.7951253 -0.605676 0.03054161 1.450638 0.6038161 0.7953564 0.05304744 -1.90735e-6 -0.05642109 -0.02373783 0.9981249 1.14441e-5 0 0 0 1</matrix>
                              <node id="node-RightHandRing3" name="RightHandRing3">
                                <matrix>0.9995916 0.0205228 -0.01988427 0.9941635 -0.02044219 0.9997818 0.004249766 1.14441e-5 0.01996718 -0.003841564 0.9997934 -7.62939e-6 0 0 0 1</matrix>
                                <node id="node-RightHandRing_Nub" name="RightHandRing_Nub">
                                  <matrix>0.9952022 6.79195e-5 0.09784199 1.324512 9.06885e-5 0.9999993 -0.001617186 3.8147e-6 -0.09784194 0.001618296 0.9952006 -3.8147e-6 0 0 0 1</matrix>
                                  <extra>
                                    <technique profile="OpenCOLLADA">
                                      <cast_shadows type="bool">1</cast_shadows>
                                      <primary_visibility type="integer">1</primary_visibility>
                                      <receive_shadows type="bool">1</receive_shadows>
                                      <secondary_visibility type="integer">1</secondary_visibility>
                                    </technique>
                                  </extra>
                                </node>
                                <extra>
                                  <technique profile="OpenCOLLADA">
                                    <cast_shadows type="bool">1</cast_shadows>
                                    <primary_visibility type="integer">1</primary_visibility>
                                    <receive_shadows type="bool">1</receive_shadows>
                                    <secondary_visibility type="integer">1</secondary_visibility>
                                  </technique>
                                </extra>
                              </node>
                              <extra>
                                <technique profile="OpenCOLLADA">
                                  <cast_shadows type="bool">1</cast_shadows>
                                  <primary_visibility type="integer">1</primary_visibility>
                                  <receive_shadows type="bool">1</receive_shadows>
                                  <secondary_visibility type="integer">1</secondary_visibility>
                                </technique>
                              </extra>
                            </node>
                            <extra>
                              <technique profile="OpenCOLLADA">
                                <cast_shadows type="bool">1</cast_shadows>
                                <primary_visibility type="integer">1</primary_visibility>
                                <receive_shadows type="bool">1</receive_shadows>
                                <secondary_visibility type="integer">1</secondary_visibility>
                              </technique>
                            </extra>
                          </node>
                          <node id="node-RightHandPinky1" name="RightHandPinky1">
                            <matrix>0.950089 -0.2691945 0.1576924 3.586542 0.3047945 0.9087712 -0.2850175 -0.1616402 -0.06658125 0.3188554 0.9454621 -1.955074 0 0 0 1</matrix>
                            <node id="node-RightHandPinky2" name="RightHandPinky2">
                              <matrix>0.9049934 -0.4115466 0.1077804 1.135443 0.4126092 0.9108103 0.01329808 -4.76837e-6 -0.1036405 0.03243648 0.9940856 4.76837e-6 0 0 0 1</matrix>
                              <node id="node-RightHandPinky3" name="RightHandPinky3">
                                <matrix>0.9969255 -0.001547754 -0.07834008 1.082588 0.006294996 0.9981557 0.06038625 -5.72205e-6 0.0781021 -0.06069379 0.995096 -4.29153e-6 0 0 0 1</matrix>
                                <node id="node-RightHandPinky_Nub" name="RightHandPinky_Nub">
                                  <matrix>0.9800675 0.003190696 0.1986374 1.03775 -0.003131717 0.9999947 -6.11464e-4 -1.81198e-5 -0.1986382 -2.2769e-5 0.9800729 -3.8147e-6 0 0 0 1</matrix>
                                  <extra>
                                    <technique profile="OpenCOLLADA">
                                      <cast_shadows type="bool">1</cast_shadows>
                                      <primary_visibility type="integer">1</primary_visibility>
                                      <receive_shadows type="bool">1</receive_shadows>
                                      <secondary_visibility type="integer">1</secondary_visibility>
                                    </technique>
                                  </extra>
                                </node>
                                <extra>
                                  <technique profile="OpenCOLLADA">
                                    <cast_shadows type="bool">1</cast_shadows>
                                    <primary_visibility type="integer">1</primary_visibility>
                                    <receive_shadows type="bool">1</receive_shadows>
                                    <secondary_visibility type="integer">1</secondary_visibility>
                                  </technique>
                                </extra>
                              </node>
                              <extra>
                                <technique profile="OpenCOLLADA">
                                  <cast_shadows type="bool">1</cast_shadows>
                                  <primary_visibility type="integer">1</primary_visibility>
                                  <receive_shadows type="bool">1</receive_shadows>
                                  <secondary_visibility type="integer">1</secondary_visibility>
                                </technique>
                              </extra>
                            </node>
                            <extra>
                              <technique profile="OpenCOLLADA">
                                <cast_shadows type="bool">1</cast_shadows>
                                <primary_visibility type="integer">1</primary_visibility>
                                <receive_shadows type="bool">1</receive_shadows>
                                <secondary_visibility type="integer">1</secondary_visibility>
