<?xml version="1.0" encoding="utf-8"?>
<COLLADA xmlns="http://www.collada.org/2005/11/COLLADASchema" version="1.4.1">
  <asset>
    <contributor>
      <author>IT</author>
      <authoring_tool>OpenCOLLADA for 3ds Max;  ;  </authoring_tool>
    </contributor>
    <created>2015-11-12T14:29:35</created>
    <modified>2015-11-12T14:29:35</modified>
    <unit name="inch" meter="0.0254"/>
    <up_axis>Z_UP</up_axis>
  </asset>
  <library_lights>
    <light id="EnvironmentAmbientLight" name="EnvironmentAmbientLight">
      <technique_common>
        <ambient>
          <color>0.4 0.4 0.4</color>
        </ambient>
      </technique_common>
    </light>
  </library_lights>
  <library_visual_scenes>
    <visual_scene id="MaxScene">
      <node name="EnvironmentAmbientLight">
        <instance_light url="#EnvironmentAmbientLight"/>
      </node>
      <node id="node-Hips" name="Hips">
        <matrix sid="matrix">0.8828244 -0.2357039 -0.406318 3.853894 -0.3460196 0.2586845 -0.90188 3.4603 0.3176782 0.9367818 0.1468129 30.38696 0 0 0 1</matrix>
        <node id="node-Spine" name="Spine">
          <matrix sid="matrix">0.03841999 -0.9985929 0.03654208 -1.90735e-6 0.997536 0.03618035 -0.06009246 4.045441 0.0586858 0.03876089 0.9975232 9.53674e-7 0 0 0 1</matrix>
          <node id="node-Spine1" name="Spine1">
            <matrix sid="matrix">0.9906045 0.06529485 -0.1201636 4.706158 -0.07331522 0.9952804 -0.06357794 -3.8147e-6 0.1154451 0.07179046 0.9907163 -4.76837e-7 0 0 0 1</matrix>
            <node id="node-Spine2" name="Spine2">
              <matrix sid="matrix">0.9934052 0.06534521 -0.09421544 4.606194 -0.07169858 0.9952599 -0.0657027 -2.86102e-6 0.08947552 0.07202449 0.9933814 -1.90735e-6 0 0 0 1</matrix>
              <node id="node-Spine3" name="Spine3">
                <matrix sid="matrix">0.997942 0.06339358 0.009659324 4.736618 -0.06249955 0.9952469 -0.07468147 2.38419e-6 -0.01434775 0.07392403 0.9971608 9.53674e-7 0 0 0 1</matrix>
                <node id="node-Neck" name="Neck">
                  <matrix sid="matrix">0.9303607 0.03314296 -0.3651445 5.192253 -0.04385559 0.9988154 -0.02108162 -2.14577e-6 0.364013 0.03562713 0.9307126 1.90735e-6 0 0 0 1</matrix>
                  <node id="node-Neck1" name="Neck1">
                    <matrix sid="matrix">0.9978311 0.04512846 0.04792479 1.587688 -0.04416429 0.9988037 -0.02099112 -7.15256e-7 -0.04881468 0.01882901 0.9986309 3.8147e-6 0 0 0 1</matrix>
                    <node id="node-Head" name="Head">
                      <matrix sid="matrix">0.950567 0.1424006 0.2759423 2.400822 -0.1318968 0.9896594 -0.05635798 -4.17233e-7 -0.2811144 0.01717614 0.9595206 -3.8147e-6 0 0 0 1</matrix>
                      <node id="node-Head_Nub" name="Head_Nub">
                        <matrix>1.61678e-5 -0.0260883 0.9996591 7.263359 -0.9999997 -8.91276e-7 1.6138e-5 -1.43051e-6 4.69387e-7 -0.99966 -0.02608828 1.90735e-6 0 0 0 1</matrix>
                        <extra>
                          <technique profile="OpenCOLLADA">
                            <cast_shadows type="bool">1</cast_shadows>
                            <primary_visibility type="integer">1</primary_visibility>
                            <receive_shadows type="bool">1</receive_shadows>
                            <secondary_visibility type="integer">1</secondary_visibility>
                          </technique>
                        </extra>
                      </node>
                      <node id="node-LeftEye" name="LeftEye">
                        <matrix>-6.4075e-7 -7.59959e-7 0.9999992 2.980595 -0.9999996 -5.21541e-8 -6.4075e-7 -1.220008 5.21541e-8 -1 -7.45058e-7 2.71478 0 0 0 1</matrix>
                        <extra>
                          <technique profile="OpenCOLLADA">
                            <cast_shadows type="bool">1</cast_shadows>
                            <primary_visibility type="integer">1</primary_visibility>
                            <receive_shadows type="bool">1</receive_shadows>
                            <secondary_visibility type="integer">1</secondary_visibility>
                          </technique>
                        </extra>
                      </node>
                      <node id="node-RightEye" name="RightEye">
                        <matrix>-6.4075e-7 -7.59959e-7 0.9999992 2.981018 -0.9999996 -5.21541e-8 -6.4075e-7 1.220173 5.21541e-8 -1 -7.45058e-7 2.71495 0 0 0 1</matrix>
                        <extra>
                          <technique profile="OpenCOLLADA">
                            <cast_shadows type="bool">1</cast_shadows>
                            <primary_visibility type="integer">1</primary_visibility>
                            <receive_shadows type="bool">1</receive_shadows>
                            <secondary_visibility type="integer">1</secondary_visibility>
                          </technique>
                        </extra>
                      </node>
                      <extra>
                        <technique profile="OpenCOLLADA">
                          <cast_shadows type="bool">1</cast_shadows>
                          <primary_visibility type="integer">1</primary_visibility>
                          <receive_shadows type="bool">1</receive_shadows>
                          <secondary_visibility type="integer">1</secondary_visibility>
                        </technique>
                      </extra>
                    </node>
                    <extra>
                      <technique profile="OpenCOLLADA">
                        <cast_shadows type="bool">1</cast_shadows>
                        <primary_visibility type="integer">1</primary_visibility>
                        <receive_shadows type="bool">1</receive_shadows>
                        <secondary_visibility type="integer">1</secondary_visibility>
                      </technique>
                    </extra>
                  </node>
                  <extra>
                    <technique profile="OpenCOLLADA">
                      <cast_shadows type="bool">1</cast_shadows>
                      <primary_visibility type="integer">1</primary_visibility>
                      <receive_shadows type="bool">1</receive_shadows>
                      <secondary_visibility type="integer">1</secondary_visibility>
                    </technique>
                  </extra>
                </node>
                <node id="node-LeftShoulder" name="LeftShoulder">
                  <matrix sid="matrix">0.2288102 0.9665591 -0.1157944 3.306206 -0.9610257 0.2053215 -0.1851285 -0.7400272 -0.1551626 0.1536405 0.9758686 0.1848183 0 0 0 1</matrix>
                  <node id="node-LeftShoulderRoll" name="LeftShoulderRoll">
                    <matrix>0.9999999 -5.69224e-6 9.38028e-6 5.478489 5.63264e-6 0.9999999 -2.98023e-8 -1.14441e-5 -9.38028e-6 4.47035e-8 0.9999998 8.58307e-6 0 0 0 1</matrix>
                    <node id="node-LeftArm" name="LeftArm">
                      <matrix sid="matrix">0.9392556 0.1325901 -0.316571 1.337997 0.1134561 0.7505652 0.6509833 -3.8147e-6 0.3239208 -0.6473563 0.689931 -6.67572e-6 0 0 0 1</matrix>
                      <node id="node-LeftForeArm" name="LeftForeArm">
                        <matrix sid="matrix">0.7692396 -0.02751619 -0.6383673 10.97946 0.2504483 0.9321109 0.2616179 -7.62939e-6 0.5878277 -0.3611244 0.7239122 3.8147e-6 0 0 0 1</matrix>
                        <node id="node-LeftForeArmRoll" name="LeftForeArmRoll">
                          <matrix sid="matrix">0.9999997 2.0951e-4 -1.95742e-4 4.802483 -1.71483e-4 0.9841392 0.1773956 7.62939e-6 2.29806e-4 -0.1773954 0.9841398 -1.90735e-6 0 0 0 1</matrix>
                          <extra>
                            <technique profile="OpenCOLLADA">
                              <cast_shadows type="bool">1</cast_shadows>
                              <primary_visibility type="integer">1</primary_visibility>
                              <receive_shadows type="bool">1</receive_shadows>
                              <secondary_visibility type="integer">1</secondary_visibility>
                            </technique>
                          </extra>
                        </node>
                        <node id="node-LeftHand" name="LeftHand">
                          <matrix sid="matrix">0.9469128 -0.3154941 -0.06177369 9.713943 0.3212945 0.9353226 0.1481297 0.004047394 0.01104426 -0.1601138 0.9870371 0.007575989 0 0 0 1</matrix>
                          <node id="node-LeftHandThumb1" name="LeftHandThumb1">
                            <matrix sid="matrix">0.6524869 -0.5310496 -0.5405979 1.790756 -0.1739176 0.5893964 -0.7889025 -1.0117 0.7375685 0.6087698 0.2922157 1.204538 0 0 0 1</matrix>
                            <node id="node-LeftHandThumb2" name="LeftHandThumb2">
                              <matrix sid="matrix">0.9811668 0.1930993 -0.004882872 1.580379 -0.192035 0.9724106 -0.1324403 3.8147e-6 -0.02082595 0.1308839 0.991178 3.8147e-6 0 0 0 1</matrix>
                              <node id="node-LeftHandThumb3" name="LeftHandThumb3">
                                <matrix sid="matrix">0.9976662 -0.06822986 -0.002200693 1.470047 0.06806827 0.9967201 -0.04379814 -1.90735e-6 0.0051817 0.04354624 0.999038 2.28882e-5 0 0 0 1</matrix>
                                <node id="node-LeftHandThumb_Nub" name="LeftHandThumb_Nub">
                                  <matrix sid="matrix">0.9777411 -0.1953859 -0.07645869 1.954533 0.1977044 0.9799687 0.02395582 1.90735e-6 0.07024658 -0.0385388 0.9967849 1.14441e-5 0 0 0 1</matrix>
                                  <extra>
                                    <technique profile="OpenCOLLADA">
                                      <cast_shadows type="bool">1</cast_shadows>
                                      <primary_visibility type="integer">1</primary_visibility>
                                      <receive_shadows type="bool">1</receive_shadows>
                                      <secondary_visibility type="integer">1</secondary_visibility>
                                    </technique>
                                  </extra>
                                </node>
                                <extra>
                                  <technique profile="OpenCOLLADA">
                                    <cast_shadows type="bool">1</cast_shadows>
                                    <primary_visibility type="integer">1</primary_visibility>
                                    <receive_shadows type="bool">1</receive_shadows>
                                    <secondary_visibility type="integer">1</secondary_visibility>
                                  </technique>
                                </extra>
                              </node>
                              <extra>
                                <technique profile="OpenCOLLADA">
                                  <cast_shadows type="bool">1</cast_shadows>
                                  <primary_visibility type="integer">1</primary_visibility>
                                  <receive_shadows type="bool">1</receive_shadows>
                                  <secondary_visibility type="integer">1</secondary_visibility>
                                </technique>
                              </extra>
                            </node>
                            <extra>
                              <technique profile="OpenCOLLADA">
                                <cast_shadows type="bool">1</cast_shadows>
                                <primary_visibility type="integer">1</primary_visibility>
                                <receive_shadows type="bool">1</receive_shadows>
                                <secondary_visibility type="integer">1</secondary_visibility>
                              </technique>
                            </extra>
                          </node>
                          <node id="node-LeftHandIndex1" name="LeftHandIndex1">
                            <matrix sid="matrix">0.972506 0.1094902 -0.2055297 4.710197 -0.1504026 0.9691252 -0.1953882 0.2064629 0.1777906 0.2209286 0.9589486 1.454527 0 0 0 1</matrix>
                            <node id="node-LeftHandIndex2" name="LeftHandIndex2">
                              <matrix sid="matrix">0.9870838 0.1589683 -0.01981644 1.364052 -0.1574014 0.9854159 0.06465508 9.53674e-6 0.02980549 -0.06070089 0.9977108 5.72205e-6 0 0 0 1</matrix>
                              <node id="node-LeftHandIndex3" name="LeftHandIndex3">
                                <matrix sid="matrix">0.9870151 0.1598113 -0.01611967 1.076805 -0.1587376 0.9858407 0.0540572 3.8147e-6 0.02453031 -0.05079656 0.998408 3.8147e-6 0 0 0 1</matrix>
                                <node id="node-LeftHandIndex_Nub" name="LeftHandIndex_Nub">
                                  <matrix sid="matrix">0.9978561 -0.0423325 -0.04991627 1.570724 0.051 0.9809136 0.1876358 1.14441e-5 0.04102049 -0.1897792 0.9809695 8.58307e-6 0 0 0 1</matrix>
                                  <extra>
                                    <technique profile="OpenCOLLADA">
                                      <cast_shadows type="bool">1</cast_shadows>
                                      <primary_visibility type="integer">1</primary_visibility>
                                      <receive_shadows type="bool">1</receive_shadows>
                                      <secondary_visibility type="integer">1</secondary_visibility>
                                    </technique>
                                  </extra>
                                </node>
                                <extra>
                                  <technique profile="OpenCOLLADA">
                                    <cast_shadows type="bool">1</cast_shadows>
                                    <primary_visibility type="integer">1</primary_visibility>
                                    <receive_shadows type="bool">1</receive_shadows>
                                    <secondary_visibility type="integer">1</secondary_visibility>
                                  </technique>
                                </extra>
                              </node>
                              <extra>
                                <technique profile="OpenCOLLADA">
                                  <cast_shadows type="bool">1</cast_shadows>
                                  <primary_visibility type="integer">1</primary_visibility>
                                  <receive_shadows type="bool">1</receive_shadows>
                                  <secondary_visibility type="integer">1</secondary_visibility>
                                </technique>
                              </extra>
                            </node>
                            <extra>
                              <technique profile="OpenCOLLADA">
                                <cast_shadows type="bool">1</cast_shadows>
                                <primary_visibility type="integer">1</primary_visibility>
                                <receive_shadows type="bool">1</receive_shadows>
                                <secondary_visibility type="integer">1</secondary_visibility>
                              </technique>
                            </extra>
                          </node>
                          <node id="node-LeftHandMiddle1" name="LeftHandMiddle1">
                            <matrix sid="matrix">0.9782642 0.1886461 0.08608949 4.61097 -0.1967677 0.9755068 0.09833159 0.3618603 -0.06543103 -0.113134 0.9914229 0.2569942 0 0 0 1</matrix>
                            <node id="node-LeftHandMiddle2" name="LeftHandMiddle2">
                              <matrix sid="matrix">0.984385 0.1729936 -0.03253725 1.755241 -0.1725056 0.9848585 0.01726252 9.53674e-6 0.03503081 -0.01138012 0.9993222 -1.90735e-6 0 0 0 1</matrix>
                              <node id="node-LeftHandMiddle3" name="LeftHandMiddle3">
                                <matrix sid="matrix">0.98228 0.1872603 0.007506162 1.118103 -0.187366 0.9821327 0.01766944 -7.62939e-6 -0.004063278 -0.01876286 0.9998155 3.8147e-6 0 0 0 1</matrix>
                                <node id="node-LeftHandMiddle_Nub" name="LeftHandMiddle_Nub">
                                  <matrix sid="matrix">0.998397 3.34769e-4 -0.056595 1.462624 -3.33995e-4 0.9999999 2.11895e-5 -1.14441e-5 0.05659507 -2.23517e-6 0.9983972 1.14441e-5 0 0 0 1</matrix>
                                  <extra>
                                    <technique profile="OpenCOLLADA">
                                      <cast_shadows type="bool">1</cast_shadows>
                                      <primary_visibility type="integer">1</primary_visibility>
                                      <receive_shadows type="bool">1</receive_shadows>
                                      <secondary_visibility type="integer">1</secondary_visibility>
                                    </technique>
                                  </extra>
                                </node>
                                <extra>
                                  <technique profile="OpenCOLLADA">
                                    <cast_shadows type="bool">1</cast_shadows>
                                    <primary_visibility type="integer">1</primary_visibility>
                                    <receive_shadows type="bool">1</receive_shadows>
                                    <secondary_visibility type="integer">1</secondary_visibility>
                                  </technique>
                                </extra>
                              </node>
                              <extra>
                                <technique profile="OpenCOLLADA">
                                  <cast_shadows type="bool">1</cast_shadows>
                                  <primary_visibility type="integer">1</primary_visibility>
                                  <receive_shadows type="bool">1</receive_shadows>
                                  <secondary_visibility type="integer">1</secondary_visibility>
                                </technique>
                              </extra>
                            </node>
                            <extra>
                              <technique profile="OpenCOLLADA">
                                <cast_shadows type="bool">1</cast_shadows>
                                <primary_visibility type="integer">1</primary_visibility>
                                <receive_shadows type="bool">1</receive_shadows>
                                <secondary_visibility type="integer">1</secondary_visibility>
                              </technique>
                            </extra>
                          </node>
                          <node id="node-LeftHandRing1" name="LeftHandRing1">
                            <matrix sid="matrix">0.9681323 0.1182177 0.2207836 4.446045 -0.1788239 0.9435121 0.2789389 0.2817688 -0.1753366 -0.309531 0.9345844 -0.9609966 0 0 0 1</matrix>
                            <node id="node-LeftHandRing2" name="LeftHandRing2">
                              <matrix sid="matrix">0.978102 0.2073596 -0.01779234 1.450623 -0.2079929 0.9769229 -0.04859753 7.62939e-6 0.007304609 0.05123416 0.9986596 -1.90735e-5 0 0 0 1</matrix>
                              <node id="node-LeftHandRing3" name="LeftHandRing3">
                                <matrix sid="matrix">0.9915172 0.1298077 -0.003978521 0.9941406 -0.1298572 0.9913713 -0.01691851 -2.28882e-5 0.001747966 0.0172919 0.9998305 1.90735e-5 0 0 0 1</matrix>
                                <node id="node-LeftHandRing_Nub" name="LeftHandRing_Nub">
                                  <matrix>0.9952149 -6.81281e-5 0.09784287 1.324493 -9.05395e-5 1.000017 0.001618057 7.62939e-6 -0.09784237 -0.00161916 0.9952187 -1.90735e-6 0 0 0 1</matrix>
                                  <extra>
                                    <technique profile="OpenCOLLADA">
                                      <cast_shadows type="bool">1</cast_shadows>
                                      <primary_visibility type="integer">1</primary_visibility>
                                      <receive_shadows type="bool">1</receive_shadows>
                                      <secondary_visibility type="integer">1</secondary_visibility>
                                    </technique>
                                  </extra>
                                </node>
                                <extra>
                                  <technique profile="OpenCOLLADA">
                                    <cast_shadows type="bool">1</cast_shadows>
                                    <primary_visibility type="integer">1</primary_visibility>
                                    <receive_shadows type="bool">1</receive_shadows>
                                    <secondary_visibility type="integer">1</secondary_visibility>
                                  </technique>
                                </extra>
                              </node>
                              <extra>
                                <technique profile="OpenCOLLADA">
                                  <cast_shadows type="bool">1</cast_shadows>
                                  <primary_visibility type="integer">1</primary_visibility>
                                  <receive_shadows type="bool">1</receive_shadows>
                                  <secondary_visibility type="integer">1</secondary_visibility>
                                </technique>
                              </extra>
                            </node>
                            <extra>
                              <technique profile="OpenCOLLADA">
                                <cast_shadows type="bool">1</cast_shadows>
                                <primary_visibility type="integer">1</primary_visibility>
                                <receive_shadows type="bool">1</receive_shadows>
                                <secondary_visibility type="integer">1</secondary_visibility>
                              </technique>
                            </extra>
                          </node>
                          <node id="node-LeftHandPinky1" name="LeftHandPinky1">
                            <matrix sid="matrix">0.9610386 0.01752587 0.2758604 3.586525 -0.142432 0.8866949 0.4398682 0.1616383 -0.2368954 -0.462021 0.8546441 -1.955019 0 0 0 1</matrix>
                            <node id="node-LeftHandPinky2" name="LeftHandPinky2">
                              <matrix sid="matrix">0.9986697 0.04985496 0.01316813 1.135445 -0.04919335 0.9977056 -0.04651912 9.53674e-6 -0.01545715 0.04580942 0.9988308 -1.14441e-5 0 0 0 1</matrix>
                              <node id="node-LeftHandPinky3" name="LeftHandPinky3">
                                <matrix sid="matrix">0.9966851 0.04079968 -0.07019889 1.082558 -0.04634425 0.9957593 -0.07925427 3.8147e-6 0.0666692 0.08224602 0.9943616 -9.53674e-6 0 0 0 1</matrix>
                                <node id="node-LeftHandPinky_Nub" name="LeftHandPinky_Nub">
                                  <matrix>0.9800812 -0.003193393 0.1986377 1.03775 0.0031344 1.000013 6.11216e-4 1.33514e-5 -0.1986376 2.35587e-5 0.9800912 -5.72205e-6 0 0 0 1</matrix>
                                  <extra>
                                    <technique profile="OpenCOLLADA">
                                      <cast_shadows type="bool">1</cast_shadows>
                                      <primary_visibility type="integer">1</primary_visibility>
                                      <receive_shadows type="bool">1</receive_shadows>
                                      <secondary_visibility type="integer">1</secondary_visibility>
                                    </technique>
                                  </extra>
                                </node>
                                <extra>
                                  <technique profile="OpenCOLLADA">
                                    <cast_shadows type="bool">1</cast_shadows>
                                    <primary_visibility type="integer">1</primary_visibility>
                                    <receive_shadows type="bool">1</receive_shadows>
                                    <secondary_visibility type="integer">1</secondary_visibility>
                                  </technique>
                                </extra>
                              </node>
                              <extra>
                                <technique profile="OpenCOLLADA">
                                  <cast_shadows type="bool">1</cast_shadows>
                                  <primary_visibility type="integer">1</primary_visibility>
                                  <receive_shadows type="bool">1</receive_shadows>
                                  <secondary_visibility type="integer">1</secondary_visibility>
                                </technique>
                              </extra>
                            </node>
                            <extra>
                              <technique profile="OpenCOLLADA">
                                <cast_shadows type="bool">1</cast_shadows>
                                <primary_visibility type="integer">1</primary_visibility>
                                <receive_shadows type="bool">1</receive_shadows>
                                <secondary_visibility type="integer">1</secondary_visibility>
                              </technique>
                            </extra>
                          </node>
                          <extra>
                            <technique profile="OpenCOLLADA">
                              <cast_shadows type="bool">1</cast_shadows>
                              <primary_visibility type="integer">1</primary_visibility>
                              <receive_shadows type="bool">1</receive_shadows>
                              <secondary_visibility type="integer">1</secondary_visibility>
                            </technique>
                          </extra>
                        </node>
                        <extra>
                          <technique profile="OpenCOLLADA">
                            <cast_shadows type="bool">1</cast_shadows>
                            <primary_visibility type="integer">1</primary_visibility>
                            <receive_shadows type="bool">1</receive_shadows>
                            <secondary_visibility type="integer">1</secondary_visibility>
                          </technique>
                        </extra>
                      </node>
                      <node id="node-LeftArmRoll" name="LeftArmRoll">
                        <matrix sid="matrix">1 2.98023e-8 1.49012e-8 1.242117 0 0.9813693 0.1921304 -3.8147e-6 -1.49012e-8 -0.1921303 0.9813695 -2.86102e-6 0 0 0 1</matrix>
                        <extra>
                          <technique profile="OpenCOLLADA">
                            <cast_shadows type="bool">1</cast_shadows>
                            <primary_visibility type="integer">1</primary_visibility>
                            <receive_shadows type="bool">1</receive_shadows>
                            <secondary_visibility type="integer">1</secondary_visibility>
                          </technique>
                        </extra>
                      </node>
                      <extra>
                        <technique profile="OpenCOLLADA">
                          <cast_shadows type="bool">1</cast_shadows>
                          <primary_visibility type="integer">1</primary_visibility>
                          <receive_shadows type="bool">1</receive_shadows>
                          <secondary_visibility type="integer">1</secondary_visibility>
                        </technique>
                      </extra>
                    </node>
                    <extra>
                      <technique profile="OpenCOLLADA">
                        <cast_shadows type="bool">1</cast_shadows>
                        <primary_visibility type="integer">1</primary_visibility>
                        <receive_shadows type="bool">1</receive_shadows>
                        <secondary_visibility type="integer">1</secondary_visibility>
                      </technique>
                    </extra>
                  </node>
                  <extra>
                    <technique profile="OpenCOLLADA">
                      <cast_shadows type="bool">1</cast_shadows>
                      <primary_visibility type="integer">1</primary_visibility>
                      <receive_shadows type="bool">1</receive_shadows>
                      <secondary_visibility type="integer">1</secondary_visibility>
                    </technique>
                  </extra>
                </node>
                <node id="node-RightShoulder" name="RightShoulder">
                  <matrix sid="matrix">0.2761142 -0.9510864 -0.1384271 3.306168 0.9610654 0.2718399 0.04926275 0.7401128 -0.009223322 -0.146642 0.9891282 0.1847525 0 0 0 1</matrix>
                  <node id="node-RightShoulderRoll" name="RightShoulderRoll">
                    <matrix>1.000001 7.13766e-6 9.10088e-6 5.478575 -7.10785e-6 1 -2.98023e-8 -1.52588e-5 -9.11206e-6 4.47035e-8 1 1.23978e-5 0 0 0 1</matrix>
                    <node id="node-RightArm" name="RightArm">
                      <matrix sid="matrix">0.6377692 -0.5747669 -0.5127316 1.338013 -0.1058764 0.593948 -0.797506 1.90735e-5 0.7629162 0.5629108 0.3179475 -1.23978e-5 0 0 0 1</matrix>
                      <node id="node-RightForeArm" name="RightForeArm">
                        <matrix sid="matrix">0.3073206 0.07483058 -0.9486595 10.97962 -0.3244855 0.9453976 -0.03054468 2.67029e-5 0.894574 0.3172134 0.3148216 -3.8147e-6 0 0 0 1</matrix>
                        <node id="node-RightHand" name="RightHand">
                          <matrix sid="matrix">0.7450371 0.5794731 0.3303504 9.7141 -0.6386809 0.7625799 0.1027592 -0.004062653 -0.1923722 -0.2875479 0.9382483 0.007591724 0 0 0 1</matrix>
                          <node id="node-RightHandMiddle1" name="RightHandMiddle1">
                            <matrix sid="matrix">0.982307 -0.1842262 -0.03367123 4.611027 0.1829908 0.9824291 -0.03670773 -0.3618598 0.03984207 0.02989674 0.9987592 0.2569761 0 0 0 1</matrix>
                            <node id="node-RightHandMiddle2" name="RightHandMiddle2">
                              <matrix sid="matrix">0.9864827 -0.160482 -0.03312546 1.755249 0.1599789 0.9869683 -0.01733593 -1.14441e-5 0.03547591 0.01180224 0.9993008 1.52588e-5 0 0 0 1</matrix>
                              <node id="node-RightHandMiddle3" name="RightHandMiddle3">
                                <matrix sid="matrix">0.9845839 -0.1747812 0.00685811 1.118156 0.1748776 0.9844303 -0.01775727 7.62939e-6 -0.003647685 0.01868284 0.999819 -1.52588e-5 0 0 0 1</matrix>
                                <node id="node-RightHandMiddle_Nub" name="RightHandMiddle_Nub">
                                  <matrix sid="matrix">0.9983972 -3.32654e-4 -0.05659518 1.462662 3.31998e-4 0.9999999 -2.09659e-5 1.14441e-5 0.05659515 2.14577e-6 0.9983974 5.72205e-6 0 0 0 1</matrix>
                                  <extra>
                                    <technique profile="OpenCOLLADA">
                                      <cast_shadows type="bool">1</cast_shadows>
                                      <primary_visibility type="integer">1</primary_visibility>
                                      <receive_shadows type="bool">1</receive_shadows>
                                      <secondary_visibility type="integer">1</secondary_visibility>
                                    </technique>
                                  </extra>
                                </node>
                                <extra>
                                  <technique profile="OpenCOLLADA">
                                    <cast_shadows type="bool">1</cast_shadows>
                                    <primary_visibility type="integer">1</primary_visibility>
                                    <receive_shadows type="bool">1</receive_shadows>
                                    <secondary_visibility type="integer">1</secondary_visibility>
                                  </technique>
                                </extra>
                              </node>
                              <extra>
                                <technique profile="OpenCOLLADA">
                                  <cast_shadows type="bool">1</cast_shadows>
                                  <primary_visibility type="integer">1</primary_visibility>
                                  <receive_shadows type="bool">1</receive_shadows>
                                  <secondary_visibility type="integer">1</secondary_visibility>
                                </technique>
                              </extra>
                            </node>
                            <extra>
                              <technique profile="OpenCOLLADA">
                                <cast_shadows type="bool">1</cast_shadows>
                                <primary_visibility type="integer">1</primary_visibility>
                                <receive_shadows type="bool">1</receive_shadows>
                                <secondary_visibility type="integer">1</secondary_visibility>
                              </technique>
                            </extra>
                          </node>
                          <node id="node-RightHandRing1" name="RightHandRing1">
                            <matrix sid="matrix">0.9841697 -0.1143248 0.1354259 4.446125 0.1446632 0.9596363 -0.241187 -0.2817621 -0.1023859 0.2569601 0.9609832 -0.9610186 0 0 0 1</matrix>
                            <node id="node-RightHandRing2" name="RightHandRing2">
                              <matrix sid="matrix">0.9835217 -0.1796228 -0.02049994 1.450638 0.1804219 0.9824158 0.048023 -9.53674e-7 0.01151341 -0.05093028 0.9986359 1.14441e-5 0 0 0 1</matrix>
                              <node id="node-RightHandRing3" name="RightHandRing3">
                                <matrix sid="matrix">0.9947923 -0.1017101 -0.006641448 0.9941635 0.1018084 0.9946645 0.01667494 1.14441e-5 0.004909992 -0.0172643 0.9998388 -9.53674e-6 0 0 0 1</matrix>
                                <node id="node-RightHandRing_Nub" name="RightHandRing_Nub">
                                  <matrix>0.9952024 6.81132e-5 0.09784198 1.324509 9.04948e-5 0.9999989 -0.001617178 7.62939e-6 -0.09784198 0.001618311 0.9952006 -7.62939e-6 0 0 0 1</matrix>
                                  <extra>
                                    <technique profile="OpenCOLLADA">
                                      <cast_shadows type="bool">1</cast_shadows>
                                      <primary_visibility type="integer">1</primary_visibility>
                                      <receive_shadows type="bool">1</receive_shadows>
                                      <secondary_visibility type="integer">1</secondary_visibility>
                                    </technique>
                                  </extra>
                                </node>
                                <extra>
                                  <technique profile="OpenCOLLADA">
                                    <cast_shadows type="bool">1</cast_shadows>
                                    <primary_visibility type="integer">1</primary_visibility>
                                    <receive_shadows type="bool">1</receive_shadows>
                                    <secondary_visibility type="integer">1</secondary_visibility>
                                  </technique>
                                </extra>
                              </node>
                              <extra>
                                <technique profile="OpenCOLLADA">
                                  <cast_shadows type="bool">1</cast_shadows>
                                  <primary_visibility type="integer">1</primary_visibility>
                                  <receive_shadows type="bool">1</receive_shadows>
                                  <secondary_visibility type="integer">1</secondary_visibility>
                                </technique>
                              </extra>
                            </node>
                            <extra>
                              <technique profile="OpenCOLLADA">
                                <cast_shadows type="bool">1</cast_shadows>
                                <primary_visibility type="integer">1</primary_visibility>
                                <receive_shadows type="bool">1</receive_shadows>
                                <secondary_visibility type="integer">1</secondary_visibility>
                              </technique>
                            </extra>
                          </node>
                          <node id="node-RightHandPinky1" name="RightHandPinky1">
                            <matrix sid="matrix">0.9331498 0.01255411 0.3592691 3.586552 0.2096462 0.7928432 -0.5722309 -0.161633 -0.2920279 0.6092961 0.7372099 -1.955075 0 0 0 1</matrix>
                            <node id="node-RightHandPinky2" name="RightHandPinky2">
                              <matrix sid="matrix">0.997018 -0.07496669 0.01831561 1.135422 0.07403965 0.9961505 0.04692124 1.19209e-5 -0.02176261 -0.04542528 0.9987308 -7.62939e-6 0 0 0 1</matrix>
                              <node id="node-RightHandPinky3" name="RightHandPinky3">
                                <matrix sid="matrix">0.9956124 -0.06608158 -0.06626037 1.082581 0.07128648 0.9942805 0.07953614 -7.62939e-6 0.06062549 -0.08391068 0.9946274 -1.90735e-6 0 0 0 1</matrix>
                                <node id="node-RightHandPinky_Nub" name="RightHandPinky_Nub">
                                  <matrix>0.9800671 0.003190801 0.1986372 1.037743 -0.00313168 0.9999944 -6.11484e-4 -7.15256e-6 -0.1986381 -2.27503e-5 0.9800727 -7.62939e-6 0 0 0 1</matrix>
                                  <extra>
                                    <technique profile="OpenCOLLADA">
                                      <cast_shadows type="bool">1</cast_shadows>
                                      <primary_visibility type="integer">1</primary_visibility>
                                      <receive_shadows type="bool">1</receive_shadows>
                                      <secondary_visibility type="integer">1</secondary_visibility>
                                    </technique>
                                  </extra>
                                </node>
                                <extra>
                                  <technique profile="OpenCOLLADA">
                                    <cast_shadows type="bool">1</cast_shadows>
                                    <primary_visibility type="integer">1</primary_visibility>
                                    <receive_shadows type="bool">1</receive_shadows>
                                    <secondary_visibility type="integer">1</secondary_visibility>
                                  </technique>
                                </extra>
                              </node>
                              <extra>
                                <technique profile="OpenCOLLADA">
                                  <cast_shadows type="bool">1</cast_shadows>
                                  <primary_visibility type="integer">1</primary_visibility>
                                  <receive_shadows type="bool">1</receive_shadows>
                                  <secondary_visibility type="integer">1</secondary_visibility>
                                </technique>
                              </extra>
                            </node>
                            <extra>
