<?xml version="1.0" encoding="utf-8"?>
<COLLADA xmlns="http://www.collada.org/2005/11/COLLADASchema" version="1.4.1">
  <asset>
    <contributor>
      <author>IT</author>
      <authoring_tool>OpenCOLLADA for 3ds Max;  ;  </authoring_tool>
    </contributor>
    <created>2015-11-12T14:27:30</created>
    <modified>2015-11-12T14:27:30</modified>
    <unit name="inch" meter="0.0254"/>
    <up_axis>Z_UP</up_axis>
  </asset>
  <library_lights>
    <light id="EnvironmentAmbientLight" name="EnvironmentAmbientLight">
      <technique_common>
        <ambient>
          <color>0.4 0.4 0.4</color>
        </ambient>
      </technique_common>
    </light>
  </library_lights>
  <library_visual_scenes>
    <visual_scene id="MaxScene">
      <node name="EnvironmentAmbientLight">
        <instance_light url="#EnvironmentAmbientLight"/>
      </node>
      <node id="node-Hips" name="Hips">
        <matrix sid="matrix">0.7283515 -0.2423222 -0.640949 5.6118 -0.6567277 0.02008615 -0.7538819 4.62044 0.1955524 0.9700055 -0.144508 35.46595 0 0 0 1</matrix>
        <node id="node-Spine" name="Spine">
          <matrix sid="matrix">-0.00689429 -0.9993118 0.03643794 1.90735e-6 0.9999545 -0.006649837 0.006826594 4.045464 -0.006579623 0.03648343 0.9993123 9.53674e-7 0 0 0 1</matrix>
          <node id="node-Spine1" name="Spine1">
            <matrix sid="matrix">0.9997913 -0.0149949 0.01387756 4.706146 0.01597477 0.9971727 -0.073425 4.76837e-6 -0.01273736 0.07363136 0.9972042 9.53674e-7 0 0 0 1</matrix>
            <node id="node-Spine2" name="Spine2">
              <matrix sid="matrix">0.9990923 -0.01495354 0.03988778 4.606163 0.01783879 0.9971731 -0.07298855 3.8147e-6 -0.03868363 0.0736338 0.9965349 9.53674e-7 0 0 0 1</matrix>
              <node id="node-Spine3" name="Spine3">
                <matrix sid="matrix">0.9895023 -0.01692763 0.1435232 4.73661 0.02722012 0.9971716 -0.07005593 2.86102e-6 -0.1419314 0.07322723 0.9871646 -4.76837e-7 0 0 0 1</matrix>
                <node id="node-Neck" name="Neck">
                  <matrix sid="matrix">0.9344187 0.05706927 -0.3515745 5.192268 -0.07313526 0.9967898 -0.03257594 -1.90735e-6 0.3485867 0.05615196 0.9355931 0 0 0 0 1</matrix>
                  <node id="node-Neck1" name="Neck1">
                    <matrix sid="matrix">0.9954244 0.0737288 0.060781 1.5877 -0.07164834 0.9967896 -0.03572963 -9.53674e-7 -0.06322016 0.0312113 0.9975114 -3.8147e-6 0 0 0 1</matrix>
                    <node id="node-Head" name="Head">
                      <matrix sid="matrix">0.9810896 0.1295967 0.1437638 2.40081 -0.1094886 0.984089 -0.1399289 0 -0.1596107 0.1215422 0.9796697 2.86102e-6 0 0 0 1</matrix>
                      <node id="node-Head_Nub" name="Head_Nub">
                        <matrix>1.6164e-5 -0.0260883 0.9996595 7.263317 -1 -8.8755e-7 1.61491e-5 2.38419e-7 4.74567e-7 -0.9996596 -0.02608829 -9.53674e-7 0 0 0 1</matrix>
                        <extra>
                          <technique profile="OpenCOLLADA">
                            <cast_shadows type="bool">1</cast_shadows>
                            <primary_visibility type="integer">1</primary_visibility>
                            <receive_shadows type="bool">1</receive_shadows>
                            <secondary_visibility type="integer">1</secondary_visibility>
                          </technique>
                        </extra>
                      </node>
                      <node id="node-LeftEye" name="LeftEye">
                        <matrix>-6.4075e-7 -7.59028e-7 0.9999998 2.980579 -0.9999996 -6.14527e-8 -6.4075e-7 -1.220006 5.18194e-8 -1 -7.57631e-7 2.714777 0 0 0 1</matrix>
                        <extra>
                          <technique profile="OpenCOLLADA">
                            <cast_shadows type="bool">1</cast_shadows>
                            <primary_visibility type="integer">1</primary_visibility>
                            <receive_shadows type="bool">1</receive_shadows>
                            <secondary_visibility type="integer">1</secondary_visibility>
                          </technique>
                        </extra>
                      </node>
                      <node id="node-RightEye" name="RightEye">
                        <matrix>-6.4075e-7 -7.59028e-7 0.9999998 2.981022 -0.9999996 -6.14527e-8 -6.4075e-7 1.220176 5.18194e-8 -1 -7.57631e-7 2.714946 0 0 0 1</matrix>
                        <extra>
                          <technique profile="OpenCOLLADA">
                            <cast_shadows type="bool">1</cast_shadows>
                            <primary_visibility type="integer">1</primary_visibility>
                            <receive_shadows type="bool">1</receive_shadows>
                            <secondary_visibility type="integer">1</secondary_visibility>
                          </technique>
                        </extra>
                      </node>
                      <extra>
                        <technique profile="OpenCOLLADA">
                          <cast_shadows type="bool">1</cast_shadows>
                          <primary_visibility type="integer">1</primary_visibility>
                          <receive_shadows type="bool">1</receive_shadows>
                          <secondary_visibility type="integer">1</secondary_visibility>
                        </technique>
                      </extra>
                    </node>
                    <extra>
                      <technique profile="OpenCOLLADA">
                        <cast_shadows type="bool">1</cast_shadows>
                        <primary_visibility type="integer">1</primary_visibility>
                        <receive_shadows type="bool">1</receive_shadows>
                        <secondary_visibility type="integer">1</secondary_visibility>
                      </technique>
                    </extra>
                  </node>
                  <extra>
                    <technique profile="OpenCOLLADA">
                      <cast_shadows type="bool">1</cast_shadows>
                      <primary_visibility type="integer">1</primary_visibility>
                      <receive_shadows type="bool">1</receive_shadows>
                      <secondary_visibility type="integer">1</secondary_visibility>
                    </technique>
                  </extra>
                </node>
                <node id="node-LeftShoulder" name="LeftShoulder">
                  <matrix sid="matrix">-0.07304451 0.9841161 -0.1618008 3.306198 -0.9941317 -0.08482568 -0.06713504 -0.7400236 -0.07979346 0.1559474 0.9845374 0.1848173 0 0 0 1</matrix>
                  <node id="node-LeftShoulderRoll" name="LeftShoulderRoll">
                    <matrix>0.9999998 -5.90086e-6 9.42172e-6 5.478489 5.87106e-6 0.9999998 -3.72529e-9 7.62939e-6 -9.44966e-6 1.30385e-8 0.9999998 3.33786e-6 0 0 0 1</matrix>
                    <node id="node-LeftArm" name="LeftArm">
                      <matrix sid="matrix">0.9780645 0.2075362 0.01781363 1.337998 -0.1897496 0.8524225 0.4872068 -7.62939e-6 0.08592837 -0.4798998 0.873105 2.3365e-5 0 0 0 1</matrix>
                      <node id="node-LeftForeArm" name="LeftForeArm">
                        <matrix sid="matrix">-0.04473101 0.2024041 -0.9782836 10.97945 -0.01038665 0.9791132 0.2030521 -7.62939e-6 0.9989408 0.01924381 -0.04169478 1.14441e-5 0 0 0 1</matrix>
                        <node id="node-LeftForeArmRoll" name="LeftForeArmRoll">
                          <matrix sid="matrix">0.9999997 2.30163e-4 8.30889e-5 4.802479 -2.44558e-4 0.9517467 0.3068851 3.8147e-6 -8.46386e-6 -0.3068853 0.9517462 -1.90735e-6 0 0 0 1</matrix>
                          <extra>
                            <technique profile="OpenCOLLADA">
                              <cast_shadows type="bool">1</cast_shadows>
                              <primary_visibility type="integer">1</primary_visibility>
                              <receive_shadows type="bool">1</receive_shadows>
                              <secondary_visibility type="integer">1</secondary_visibility>
                            </technique>
                          </extra>
                        </node>
                        <node id="node-LeftHand" name="LeftHand">
                          <matrix sid="matrix">0.8777581 -0.344586 -0.3328623 9.713968 0.4385099 0.8576962 0.2684565 0.004997253 0.1929874 -0.3816054 0.9039544 0.005927086 0 0 0 1</matrix>
                          <node id="node-LeftHandThumb1" name="LeftHandThumb1">
                            <matrix>0.7337289 -0.2997289 -0.6097578 1.790745 -0.4931141 0.3824732 -0.7813795 -1.011707 0.4674175 0.8739994 0.1328315 1.204537 0 0 0 1</matrix>
                            <node id="node-LeftHandThumb2" name="LeftHandThumb2">
                              <matrix>0.8522455 0.5092878 -0.1195977 1.580383 -0.5205013 0.8484296 -0.09614974 -4.76837e-6 0.05250236 0.1441938 0.988156 -1.90735e-5 0 0 0 1</matrix>
                              <node id="node-LeftHandThumb3" name="LeftHandThumb3">
                                <matrix>0.6542833 0.7470722 0.1174624 1.470039 -0.7514362 0.6597257 -0.01027559 9.53674e-7 -0.08516932 -0.08154276 0.9930234 -3.8147e-6 0 0 0 1</matrix>
                                <node id="node-LeftHandThumb_Nub" name="LeftHandThumb_Nub">
                                  <matrix>0.8517417 -0.4993013 -0.1588562 1.954541 0.5053618 0.8629027 -0.002598941 -3.8147e-6 0.1383754 -0.07806602 0.9872988 1.14441e-5 0 0 0 1</matrix>
                                  <extra>
                                    <technique profile="OpenCOLLADA">
                                      <cast_shadows type="bool">1</cast_shadows>
                                      <primary_visibility type="integer">1</primary_visibility>
                                      <receive_shadows type="bool">1</receive_shadows>
                                      <secondary_visibility type="integer">1</secondary_visibility>
                                    </technique>
                                  </extra>
                                </node>
                                <extra>
                                  <technique profile="OpenCOLLADA">
                                    <cast_shadows type="bool">1</cast_shadows>
                                    <primary_visibility type="integer">1</primary_visibility>
                                    <receive_shadows type="bool">1</receive_shadows>
                                    <secondary_visibility type="integer">1</secondary_visibility>
                                  </technique>
                                </extra>
                              </node>
                              <extra>
                                <technique profile="OpenCOLLADA">
                                  <cast_shadows type="bool">1</cast_shadows>
                                  <primary_visibility type="integer">1</primary_visibility>
                                  <receive_shadows type="bool">1</receive_shadows>
                                  <secondary_visibility type="integer">1</secondary_visibility>
                                </technique>
                              </extra>
                            </node>
                            <extra>
                              <technique profile="OpenCOLLADA">
                                <cast_shadows type="bool">1</cast_shadows>
                                <primary_visibility type="integer">1</primary_visibility>
                                <receive_shadows type="bool">1</receive_shadows>
                                <secondary_visibility type="integer">1</secondary_visibility>
                              </technique>
                            </extra>
                          </node>
                          <node id="node-LeftHandIndex1" name="LeftHandIndex1">
                            <matrix>0.5834258 0.809682 -0.06349597 4.710182 -0.7902782 0.5479446 -0.2742539 0.2064629 -0.1872649 0.2101877 0.9595588 1.45451 0 0 0 1</matrix>
                            <node id="node-LeftHandIndex2" name="LeftHandIndex2">
                              <matrix>0.3234039 0.9399913 -0.1088014 1.364048 -0.9298741 0.3370036 0.1474837 2.28882e-5 0.1752973 0.0534758 0.9830616 -1.90735e-6 0 0 0 1</matrix>
                              <node id="node-LeftHandIndex3" name="LeftHandIndex3">
                                <matrix>0.4918045 0.8619257 -0.1233556 1.07682 -0.8622617 0.5018065 0.06849544 -7.62939e-6 0.1209377 0.07267895 0.9899957 3.8147e-6 0 0 0 1</matrix>
                                <node id="node-LeftHandIndex_Nub" name="LeftHandIndex_Nub">
                                  <matrix>0.9456569 -0.318718 -0.06445663 1.570728 0.3251711 0.9266556 0.188606 1.90735e-5 -3.8293e-4 -0.1993155 0.9799351 6.67572e-6 0 0 0 1</matrix>
                                  <extra>
                                    <technique profile="OpenCOLLADA">
                                      <cast_shadows type="bool">1</cast_shadows>
                                      <primary_visibility type="integer">1</primary_visibility>
                                      <receive_shadows type="bool">1</receive_shadows>
                                      <secondary_visibility type="integer">1</secondary_visibility>
                                    </technique>
                                  </extra>
                                </node>
                                <extra>
                                  <technique profile="OpenCOLLADA">
                                    <cast_shadows type="bool">1</cast_shadows>
                                    <primary_visibility type="integer">1</primary_visibility>
                                    <receive_shadows type="bool">1</receive_shadows>
                                    <secondary_visibility type="integer">1</secondary_visibility>
                                  </technique>
                                </extra>
                              </node>
                              <extra>
                                <technique profile="OpenCOLLADA">
                                  <cast_shadows type="bool">1</cast_shadows>
                                  <primary_visibility type="integer">1</primary_visibility>
                                  <receive_shadows type="bool">1</receive_shadows>
                                  <secondary_visibility type="integer">1</secondary_visibility>
                                </technique>
                              </extra>
                            </node>
                            <extra>
                              <technique profile="OpenCOLLADA">
                                <cast_shadows type="bool">1</cast_shadows>
                                <primary_visibility type="integer">1</primary_visibility>
                                <receive_shadows type="bool">1</receive_shadows>
                                <secondary_visibility type="integer">1</secondary_visibility>
                              </technique>
                            </extra>
                          </node>
                          <node id="node-LeftHandMiddle1" name="LeftHandMiddle1">
                            <matrix>0.4932315 0.8448683 0.2071828 4.610943 -0.8481418 0.5199916 -0.1012948 0.3618469 -0.1933123 -0.1257598 0.9730438 0.2569799 0 0 0 1</matrix>
                            <node id="node-LeftHandMiddle2" name="LeftHandMiddle2">
                              <matrix>0.2467055 0.965355 -0.0850875 1.755218 -0.9690461 0.2449864 -0.03029379 0 -0.008398831 0.08992878 0.9959129 9.53674e-7 0 0 0 1</matrix>
                              <node id="node-LeftHandMiddle3" name="LeftHandMiddle3">
                                <matrix>0.4307745 0.9006446 0.05725484 1.118095 -0.900732 0.4330079 -0.03435408 -1.14441e-5 -0.05573216 -0.03677267 0.9977682 1.90735e-6 0 0 0 1</matrix>
                                <node id="node-LeftHandMiddle_Nub" name="LeftHandMiddle_Nub">
                                  <matrix>0.981959 -0.178454 -0.06255144 1.462631 0.1783409 0.9839394 -0.007437885 -3.8147e-6 0.06287429 -0.003851712 0.9980137 1.90735e-6 0 0 0 1</matrix>
                                  <extra>
                                    <technique profile="OpenCOLLADA">
                                      <cast_shadows type="bool">1</cast_shadows>
                                      <primary_visibility type="integer">1</primary_visibility>
                                      <receive_shadows type="bool">1</receive_shadows>
                                      <secondary_visibility type="integer">1</secondary_visibility>
                                    </technique>
                                  </extra>
                                </node>
                                <extra>
                                  <technique profile="OpenCOLLADA">
                                    <cast_shadows type="bool">1</cast_shadows>
                                    <primary_visibility type="integer">1</primary_visibility>
                                    <receive_shadows type="bool">1</receive_shadows>
                                    <secondary_visibility type="integer">1</secondary_visibility>
                                  </technique>
                                </extra>
                              </node>
                              <extra>
                                <technique profile="OpenCOLLADA">
                                  <cast_shadows type="bool">1</cast_shadows>
                                  <primary_visibility type="integer">1</primary_visibility>
                                  <receive_shadows type="bool">1</receive_shadows>
                                  <secondary_visibility type="integer">1</secondary_visibility>
                                </technique>
                              </extra>
                            </node>
                            <extra>
                              <technique profile="OpenCOLLADA">
                                <cast_shadows type="bool">1</cast_shadows>
                                <primary_visibility type="integer">1</primary_visibility>
                                <receive_shadows type="bool">1</receive_shadows>
                                <secondary_visibility type="integer">1</secondary_visibility>
                              </technique>
                            </extra>
                          </node>
                          <node id="node-LeftHandRing1" name="LeftHandRing1">
                            <matrix>0.4633993 0.8393823 0.2840841 4.446049 -0.8771619 0.480027 0.01252304 0.2817612 -0.1258553 -0.2549934 0.9587174 -0.9610071 0 0 0 1</matrix>
                            <node id="node-LeftHandRing2" name="LeftHandRing2">
                              <matrix>0.3831947 0.922559 0.04535981 1.450621 -0.9160525 0.3858759 -0.1092557 0 -0.1182963 3.14236e-4 0.992978 -7.62939e-6 0 0 0 1</matrix>
                              <node id="node-LeftHandRing3" name="LeftHandRing3">
                                <matrix>0.365925 0.9277204 0.07353944 0.9941444 -0.9261447 0.3707714 -0.06892096 -1.33514e-5 -0.09120683 -0.04288927 0.9948894 1.52588e-5 0 0 0 1</matrix>
                                <node id="node-LeftHandRing_Nub" name="LeftHandRing_Nub">
                                  <matrix>0.9952149 -6.82175e-5 0.09784301 1.324505 -9.05693e-5 1.000017 0.001618147 1.14441e-5 -0.09784243 -0.001619205 0.9952188 -9.53674e-6 0 0 0 1</matrix>
                                  <extra>
                                    <technique profile="OpenCOLLADA">
                                      <cast_shadows type="bool">1</cast_shadows>
                                      <primary_visibility type="integer">1</primary_visibility>
                                      <receive_shadows type="bool">1</receive_shadows>
                                      <secondary_visibility type="integer">1</secondary_visibility>
                                    </technique>
                                  </extra>
                                </node>
                                <extra>
                                  <technique profile="OpenCOLLADA">
                                    <cast_shadows type="bool">1</cast_shadows>
                                    <primary_visibility type="integer">1</primary_visibility>
                                    <receive_shadows type="bool">1</receive_shadows>
                                    <secondary_visibility type="integer">1</secondary_visibility>
                                  </technique>
                                </extra>
                              </node>
                              <extra>
                                <technique profile="OpenCOLLADA">
                                  <cast_shadows type="bool">1</cast_shadows>
                                  <primary_visibility type="integer">1</primary_visibility>
                                  <receive_shadows type="bool">1</receive_shadows>
                                  <secondary_visibility type="integer">1</secondary_visibility>
                                </technique>
                              </extra>
                            </node>
                            <extra>
                              <technique profile="OpenCOLLADA">
                                <cast_shadows type="bool">1</cast_shadows>
                                <primary_visibility type="integer">1</primary_visibility>
                                <receive_shadows type="bool">1</receive_shadows>
                                <secondary_visibility type="integer">1</secondary_visibility>
                              </technique>
                            </extra>
                          </node>
                          <node id="node-LeftHandPinky1" name="LeftHandPinky1">
                            <matrix>0.6673943 0.7056289 0.2380621 3.586494 -0.7415791 0.6589674 0.1257864 0.1616325 -0.06811628 -0.2604927 0.9630697 -1.955036 0 0 0 1</matrix>
                            <node id="node-LeftHandPinky2" name="LeftHandPinky2">
                              <matrix>0.1390738 0.9670069 0.2134671 1.135428 -0.9902183 0.138104 0.01953277 1.52588e-5 -0.01059216 -0.2140983 0.9767556 -9.53674e-6 0 0 0 1</matrix>
                              <node id="node-LeftHandPinky3" name="LeftHandPinky3">
                                <matrix>0.5675477 0.8167157 0.1040869 1.082565 -0.8196992 0.5723633 -0.02152822 5.72205e-6 -0.07715952 -0.07310301 0.9943168 -1.90735e-6 0 0 0 1</matrix>
                                <node id="node-LeftHandPinky_Nub" name="LeftHandPinky_Nub">
                                  <matrix>0.9800816 -0.003193438 0.1986377 1.037743 0.003134459 1.000013 6.1132e-4 2.67029e-5 -0.1986378 2.34842e-5 0.9800907 3.8147e-6 0 0 0 1</matrix>
                                  <extra>
                                    <technique profile="OpenCOLLADA">
                                      <cast_shadows type="bool">1</cast_shadows>
                                      <primary_visibility type="integer">1</primary_visibility>
                                      <receive_shadows type="bool">1</receive_shadows>
                                      <secondary_visibility type="integer">1</secondary_visibility>
                                    </technique>
                                  </extra>
                                </node>
                                <extra>
                                  <technique profile="OpenCOLLADA">
                                    <cast_shadows type="bool">1</cast_shadows>
                                    <primary_visibility type="integer">1</primary_visibility>
                                    <receive_shadows type="bool">1</receive_shadows>
                                    <secondary_visibility type="integer">1</secondary_visibility>
                                  </technique>
                                </extra>
                              </node>
                              <extra>
                                <technique profile="OpenCOLLADA">
                                  <cast_shadows type="bool">1</cast_shadows>
                                  <primary_visibility type="integer">1</primary_visibility>
                                  <receive_shadows type="bool">1</receive_shadows>
                                  <secondary_visibility type="integer">1</secondary_visibility>
                                </technique>
                              </extra>
                            </node>
                            <extra>
                              <technique profile="OpenCOLLADA">
                                <cast_shadows type="bool">1</cast_shadows>
                                <primary_visibility type="integer">1</primary_visibility>
                                <receive_shadows type="bool">1</receive_shadows>
                                <secondary_visibility type="integer">1</secondary_visibility>
                              </technique>
                            </extra>
                          </node>
                          <extra>
                            <technique profile="OpenCOLLADA">
                              <cast_shadows type="bool">1</cast_shadows>
                              <primary_visibility type="integer">1</primary_visibility>
                              <receive_shadows type="bool">1</receive_shadows>
                              <secondary_visibility type="integer">1</secondary_visibility>
                            </technique>
                          </extra>
                        </node>
                        <extra>
                          <technique profile="OpenCOLLADA">
                            <cast_shadows type="bool">1</cast_shadows>
                            <primary_visibility type="integer">1</primary_visibility>
                            <receive_shadows type="bool">1</receive_shadows>
                            <secondary_visibility type="integer">1</secondary_visibility>
                          </technique>
                        </extra>
                      </node>
                      <node id="node-LeftArmRoll" name="LeftArmRoll">
                        <matrix sid="matrix">1 1.10595e-8 4.65661e-9 1.242119 -1.73459e-8 0.9971226 0.0758059 7.62939e-6 1.64728e-8 -0.07580587 0.9971226 0 0 0 0 1</matrix>
                        <extra>
                          <technique profile="OpenCOLLADA">
                            <cast_shadows type="bool">1</cast_shadows>
                            <primary_visibility type="integer">1</primary_visibility>
                            <receive_shadows type="bool">1</receive_shadows>
                            <secondary_visibility type="integer">1</secondary_visibility>
                          </technique>
                        </extra>
                      </node>
                      <extra>
                        <technique profile="OpenCOLLADA">
                          <cast_shadows type="bool">1</cast_shadows>
                          <primary_visibility type="integer">1</primary_visibility>
                          <receive_shadows type="bool">1</receive_shadows>
                          <secondary_visibility type="integer">1</secondary_visibility>
                        </technique>
                      </extra>
                    </node>
                    <extra>
                      <technique profile="OpenCOLLADA">
                        <cast_shadows type="bool">1</cast_shadows>
                        <primary_visibility type="integer">1</primary_visibility>
                        <receive_shadows type="bool">1</receive_shadows>
                        <secondary_visibility type="integer">1</secondary_visibility>
                      </technique>
                    </extra>
                  </node>
                  <extra>
                    <technique profile="OpenCOLLADA">
                      <cast_shadows type="bool">1</cast_shadows>
                      <primary_visibility type="integer">1</primary_visibility>
                      <receive_shadows type="bool">1</receive_shadows>
                      <secondary_visibility type="integer">1</secondary_visibility>
                    </technique>
                  </extra>
                </node>
                <node id="node-RightShoulder" name="RightShoulder">
                  <matrix sid="matrix">-0.04260235 -0.9847154 -0.1687781 3.306171 0.9942079 -0.02512574 -0.1043594 0.7401142 0.09852572 -0.172249 0.9800956 0.1847486 0 0 0 1</matrix>
                  <node id="node-RightShoulderRoll" name="RightShoulderRoll">
                    <matrix>1 7.27177e-6 9.16142e-6 5.478573 -7.24196e-6 1 -8.56817e-8 -1.14441e-5 -9.2038e-6 8.56817e-8 0.9999999 1.38283e-5 0 0 0 1</matrix>
                    <node id="node-RightArm" name="RightArm">
                      <matrix sid="matrix">0.6953368 -0.3917524 -0.6025255 1.338015 -0.1158582 0.7663052 -0.6319439 -7.62939e-6 0.7092842 0.5092213 0.4874523 -4.43459e-5 0 0 0 1</matrix>
                      <node id="node-RightForeArm" name="RightForeArm">
                        <matrix sid="matrix">0.2437212 -0.001023337 -0.9698447 10.97962 0.03938842 0.9991847 0.008844018 1.90735e-5 0.9690452 -0.0403561 0.2435628 1.52588e-5 0 0 0 1</matrix>
                        <node id="node-RightHand" name="RightHand">
                          <matrix sid="matrix">0.919085 0.3889733 -0.06310645 9.7141 -0.3913303 0.9197546 -0.03020513 -0.003509521 0.04629341 0.0524566 0.9975497 0.008071899 0 0 0 1</matrix>
                          <node id="node-RightHandMiddle1" name="RightHandMiddle1">
                            <matrix sid="matrix">0.4932043 -0.8448551 0.207292 4.611012 0.8481094 0.5200081 0.1014995 -0.3618584 -0.1935457 0.1257463 0.9729996 0.2569799 0 0 0 1</matrix>
                            <node id="node-RightHandMiddle2" name="RightHandMiddle2">
                              <matrix sid="matrix">0.2467059 -0.965335 -0.08523598 1.755235 0.9690531 0.244971 0.03041181 -2.28882e-5 -0.008477181 -0.09010102 0.9958964 3.8147e-6 0 0 0 1</matrix>
                              <node id="node-RightHandMiddle3" name="RightHandMiddle3">
                                <matrix sid="matrix">0.4307736 -0.9006384 0.05731115 1.118118 0.9007331 0.4330083 0.03441323 7.62939e-6 -0.05581012 0.03679769 0.9977632 -7.62939e-6 0 0 0 1</matrix>
                                <node id="node-RightHandMiddle_Nub" name="RightHandMiddle_Nub">
                                  <matrix sid="matrix">0.9819567 0.1784563 -0.06256361 1.462666 -0.1783432 0.9839402 0.007431343 7.62939e-6 0.06288508 0.003860474 0.9980134 3.8147e-6 0 0 0 1</matrix>
                                  <extra>
                                    <technique profile="OpenCOLLADA">
                                      <cast_shadows type="bool">1</cast_shadows>
                                      <primary_visibility type="integer">1</primary_visibility>
                                      <receive_shadows type="bool">1</receive_shadows>
                                      <secondary_visibility type="integer">1</secondary_visibility>
                                    </technique>
                                  </extra>
                                </node>
                                <extra>
                                  <technique profile="OpenCOLLADA">
                                    <cast_shadows type="bool">1</cast_shadows>
                                    <primary_visibility type="integer">1</primary_visibility>
                                    <receive_shadows type="bool">1</receive_shadows>
                                    <secondary_visibility type="integer">1</secondary_visibility>
                                  </technique>
                                </extra>
                              </node>
                              <extra>
                                <technique profile="OpenCOLLADA">
                                  <cast_shadows type="bool">1</cast_shadows>
                                  <primary_visibility type="integer">1</primary_visibility>
                                  <receive_shadows type="bool">1</receive_shadows>
                                  <secondary_visibility type="integer">1</secondary_visibility>
                                </technique>
                              </extra>
                            </node>
                            <extra>
                              <technique profile="OpenCOLLADA">
                                <cast_shadows type="bool">1</cast_shadows>
                                <primary_visibility type="integer">1</primary_visibility>
                                <receive_shadows type="bool">1</receive_shadows>
                                <secondary_visibility type="integer">1</secondary_visibility>
                              </technique>
                            </extra>
                          </node>
                          <node id="node-RightHandRing1" name="RightHandRing1">
                            <matrix sid="matrix">0.463399 -0.8394355 0.2839188 4.446114 0.8771598 0.4800392 -0.01237439 -0.2817631 -0.1259045 0.2547764 0.9587687 -0.9610224 0 0 0 1</matrix>
                            <node id="node-RightHandRing2" name="RightHandRing2">
                              <matrix sid="matrix">0.3831791 -0.9225575 0.04540678 1.450634 0.9160489 0.3858602 0.1093887 7.62939e-6 -0.118438 -3.20613e-4 0.9929614 1.71661e-5 0 0 0 1</matrix>
                              <node id="node-RightHandRing3" name="RightHandRing3">
                                <matrix sid="matrix">0.3659257 -0.9277195 0.07372037 0.9941635 0.9261547 0.3707874 0.06894772 1.14441e-5 -0.09129879 0.04304674 0.9948927 -9.53674e-6 0 0 0 1</matrix>
                                <node id="node-RightHandRing_Nub" name="RightHandRing_Nub">
                                  <matrix>0.9952022 6.80685e-5 0.09784196 1.324505 9.04799e-5 0.999999 -0.001617163 0 -0.09784202 0.001618236 0.9952007 1.90735e-6 0 0 0 1</matrix>
                                  <extra>
                                    <technique profile="OpenCOLLADA">
                                      <cast_shadows type="bool">1</cast_shadows>
                                      <primary_visibility type="integer">1</primary_visibility>
                                      <receive_shadows type="bool">1</receive_shadows>
                                      <secondary_visibility type="integer">1</secondary_visibility>
                                    </technique>
                                  </extra>
                                </node>
                                <extra>
                                  <technique profile="OpenCOLLADA">
                                    <cast_shadows type="bool">1</cast_shadows>
                                    <primary_visibility type="integer">1</primary_visibility>
                                    <receive_shadows type="bool">1</receive_shadows>
                                    <secondary_visibility type="integer">1</secondary_visibility>
                                  </technique>
                                </extra>
                              </node>
                              <extra>
                                <technique profile="OpenCOLLADA">
                                  <cast_shadows type="bool">1</cast_shadows>
                                  <primary_visibility type="integer">1</primary_visibility>
                                  <receive_shadows type="bool">1</receive_shadows>
                                  <secondary_visibility type="integer">1</secondary_visibility>
                                </technique>
                              </extra>
                            </node>
                            <extra>
                              <technique profile="OpenCOLLADA">
                                <cast_shadows type="bool">1</cast_shadows>
                                <primary_visibility type="integer">1</primary_visibility>
                                <receive_shadows type="bool">1</receive_shadows>
                                <secondary_visibility type="integer">1</secondary_visibility>
                              </technique>
                            </extra>
                          </node>
                          <node id="node-RightHandPinky1" name="RightHandPinky1">
                            <matrix sid="matrix">0.6673984 -0.7056329 0.2380374 3.58654 0.741582 0.6589606 -0.1258062 -0.1616364 -0.06808425 0.2604871 0.963074 -1.955077 0 0 0 1</matrix>
                            <node id="node-RightHandPinky2" name="RightHandPinky2">
                              <matrix sid="matrix">0.4340997 -0.8814147 0.1861874 1.135445 0.8920683 0.4493911 0.04754671 3.8147e-6 -0.1255793 0.145452 0.9813632 1.14441e-5 0 0 0 1</matrix>
                              <node id="node-RightHandPinky3" name="RightHandPinky3">
                                <matrix sid="matrix">0.2939805 -0.9473301 0.1270544 1.082581 0.9502056 0.3040386 0.06833747 -7.62939e-6 -0.1033675 0.100638 0.9895391 -3.8147e-6 0 0 0 1</matrix>
                                <node id="node-RightHandPinky_Nub" name="RightHandPinky_Nub">
                                  <matrix>0.9800674 0.003190786 0.1986373 1.037746 -0.003131628 0.9999946 -6.11462e-4 -7.62939e-6 -0.1986381 -2.27988e-5 0.9800727 3.8147e-6 0 0 0 1</matrix>
                                  <extra>
                                    <technique profile="OpenCOLLADA">
                                      <cast_shadows type="bool">1</cast_shadows>
                                      <primary_visibility type="integer">1</primary_visibility>
                                      <receive_shadows type="bool">1</receive_shadows>
                                      <secondary_visibility type="integer">1</secondary_visibility>
                                    </technique>
                                  </extra>
                                </node>
                                <extra>
                                  <technique profile="OpenCOLLADA">
                                    <cast_shadows type="bool">1</cast_shadows>
                                    <primary_visibility type="integer">1</primary_visibility>
                                    <receive_shadows type="bool">1</receive_shadows>
                                    <secondary_visibility type="integer">1</secondary_visibility>
                                  </technique>
                                </extra>
                              </node>
                              <extra>
                                <technique profile="OpenCOLLADA">
                                  <cast_shadows type="bool">1</cast_shadows>
                                  <primary_visibility type="integer">1</primary_visibility>
                                  <receive_shadows type="bool">1</receive_shadows>
                                  <secondary_visibility type="integer">1</secondary_visibility>
                                </technique>
                              </extra>
                            </node>
                            <extra>
                              <technique profile="OpenCOLLADA">
                                <cast_shadows type="bool">1</cast_shadows>
                                <primary_visibility type="integer">1</primary_visibility>
                                <receive_shadows type="bool">1</receive_shadows>
